vertex 1 0.0 0.040000028908252716 1.0 1.0 1.0 0.09801730513572693 0.9951846599578857 0.0
vertex 2 0.0078036184422671795 0.03923143818974495 -1.0 0.96875 0.5 0.09801730513572693 0.9951846599578857 0.0
vertex 0 0.0 0.040000028908252716 -1.0 1.0 0.5 0.09801730513572693 0.9951846599578857 0.0
vertex 3 0.0078036184422671795 0.03923143818974495 1.0 0.96875 1.0 0.29028454422950745 0.9569403529167175 0.0
vertex 4 0.015307349152863026 0.03695520758628845 -1.0 0.9375 0.5 0.29028454422950745 0.9569403529167175 0.0
vertex 2 0.0078036184422671795 0.03923143818974495 -1.0 0.96875 0.5 0.29028454422950745 0.9569403529167175 0.0
vertex 5 0.015307349152863026 0.03695520758628845 1.0 0.9375 1.0 0.47139686346054077 0.8819212317466736 0.0
vertex 6 0.02222282625734806 0.03325880691409111 -1.0 0.90625 0.5 0.47139686346054077 0.8819212317466736 0.0
vertex 4 0.015307349152863026 0.03695520758628845 -1.0 0.9375 0.5 0.47139686346054077 0.8819212317466736 0.0
vertex 7 0.02222282625734806 0.03325880691409111 1.0 0.90625 1.0 0.6343933939933777 0.7730104327201843 0.0
vertex 8 0.028284290805459023 0.028284290805459023 -1.0 0.875 0.5 0.6343933939933777 0.7730104327201843 0.0
vertex 6 0.02222282625734806 0.03325880691409111 -1.0 0.90625 0.5 0.6343933939933777 0.7730104327201843 0.0
vertex 9 0.028284290805459023 0.028284290805459023 1.0 0.875 1.0 0.7730104327201843 0.6343933939933777 0.0
vertex 10 0.03325880691409111 0.02222282625734806 -1.0 0.84375 0.5 0.7730104327201843 0.6343933939933777 0.0
vertex 8 0.028284290805459023 0.028284290805459023 -1.0 0.875 0.5 0.7730104327201843 0.6343933939933777 0.0
vertex 11 0.03325880691409111 0.02222282625734806 1.0 0.84375 1.0 0.8819212317466736 0.47139686346054077 0.0
vertex 12 0.03695520758628845 0.015307349152863026 -1.0 0.8125 0.5 0.8819212317466736 0.47139686346054077 0.0
vertex 10 0.03325880691409111 0.02222282625734806 -1.0 0.84375 0.5 0.8819212317466736 0.47139686346054077 0.0
vertex 13 0.03695520758628845 0.015307349152863026 1.0 0.8125 1.0 0.9569403529167175 0.29028454422950745 0.0
vertex 14 0.03923143818974495 0.0078036184422671795 -1.0 0.78125 0.5 0.9569403529167175 0.29028454422950745 0.0
vertex 12 0.03695520758628845 0.015307349152863026 -1.0 0.8125 0.5 0.9569403529167175 0.29028454422950745 0.0
vertex 15 0.03923143818974495 0.0078036184422671795 1.0 0.78125 1.0 0.9951846599578857 0.09801730513572693 0.0
vertex 16 0.040000028908252716 0.0 -1.0 0.75 0.5 0.9951846599578857 0.09801730513572693 0.0
vertex 14 0.03923143818974495 0.0078036184422671795 -1.0 0.78125 0.5 0.9951846599578857 0.09801730513572693 0.0
vertex 17 0.040000028908252716 0.0 1.0 0.75 1.0 0.9951846599578857 -0.09801730513572693 0.0
vertex 18 0.03923143818974495 -0.0078036184422671795 -1.0 0.71875 0.5 0.9951846599578857 -0.09801730513572693 0.0
vertex 16 0.040000028908252716 0.0 -1.0 0.75 0.5 0.9951846599578857 -0.09801730513572693 0.0
vertex 19 0.03923143818974495 -0.0078036184422671795 1.0 0.71875 1.0 0.9569403529167175 -0.29028454422950745 0.0
vertex 20 0.03695520758628845 -0.015307349152863026 -1.0 0.6875 0.5 0.9569403529167175 -0.29028454422950745 0.0
vertex 18 0.03923143818974495 -0.0078036184422671795 -1.0 0.71875 0.5 0.9569403529167175 -0.29028454422950745 0.0
vertex 21 0.03695520758628845 -0.015307349152863026 1.0 0.6875 1.0 0.8819212317466736 -0.47139686346054077 0.0
vertex 22 0.03325880691409111 -0.02222282625734806 -1.0 0.65625 0.5 0.8819212317466736 -0.47139686346054077 0.0
vertex 20 0.03695520758628845 -0.015307349152863026 -1.0 0.6875 0.5 0.8819212317466736 -0.47139686346054077 0.0
vertex 23 0.03325880691409111 -0.02222282625734806 1.0 0.65625 1.0 0.7730104327201843 -0.6343933939933777 0.0
vertex 24 0.028284290805459023 -0.028284290805459023 -1.0 0.625 0.5 0.7730104327201843 -0.6343933939933777 0.0
vertex 22 0.03325880691409111 -0.02222282625734806 -1.0 0.65625 0.5 0.7730104327201843 -0.6343933939933777 0.0
vertex 25 0.028284290805459023 -0.028284290805459023 1.0 0.625 1.0 0.6343933939933777 -0.7730104327201843 0.0
vertex 26 0.02222282625734806 -0.03325880691409111 -1.0 0.59375 0.5 0.6343933939933777 -0.7730104327201843 0.0
vertex 24 0.028284290805459023 -0.028284290805459023 -1.0 0.625 0.5 0.6343933939933777 -0.7730104327201843 0.0
vertex 27 0.02222282625734806 -0.03325880691409111 1.0 0.59375 1.0 0.47139686346054077 -0.8819212317466736 0.0
vertex 28 0.015307349152863026 -0.03695520758628845 -1.0 0.5625 0.5 0.47139686346054077 -0.8819212317466736 0.0
vertex 26 0.02222282625734806 -0.03325880691409111 -1.0 0.59375 0.5 0.47139686346054077 -0.8819212317466736 0.0
vertex 29 0.015307349152863026 -0.03695520758628845 1.0 0.5625 1.0 0.29028454422950745 -0.9569403529167175 0.0
vertex 30 0.0078036184422671795 -0.03923143818974495 -1.0 0.53125 0.5 0.29028454422950745 -0.9569403529167175 0.0
vertex 28 0.015307349152863026 -0.03695520758628845 -1.0 0.5625 0.5 0.29028454422950745 -0.9569403529167175 0.0
vertex 31 0.0078036184422671795 -0.03923143818974495 1.0 0.53125 1.0 0.09801730513572693 -0.9951846599578857 0.0
vertex 32 0.0 -0.040000028908252716 -1.0 0.5 0.5 0.09801730513572693 -0.9951846599578857 0.0
vertex 30 0.0078036184422671795 -0.03923143818974495 -1.0 0.53125 0.5 0.09801730513572693 -0.9951846599578857 0.0
vertex 33 0.0 -0.040000028908252716 1.0 0.5 1.0 -0.09801730513572693 -0.9951846599578857 0.0
vertex 34 -0.0078036184422671795 -0.03923143818974495 -1.0 0.46875 0.5 -0.09801730513572693 -0.9951846599578857 0.0
vertex 32 0.0 -0.040000028908252716 -1.0 0.5 0.5 -0.09801730513572693 -0.9951846599578857 0.0
vertex 35 -0.0078036184422671795 -0.03923143818974495 1.0 0.46875 1.0 -0.29028454422950745 -0.9569403529167175 0.0
vertex 36 -0.015307349152863026 -0.03695520758628845 -1.0 0.4375 0.5 -0.29028454422950745 -0.9569403529167175 0.0
vertex 34 -0.0078036184422671795 -0.03923143818974495 -1.0 0.46875 0.5 -0.29028454422950745 -0.9569403529167175 0.0
vertex 37 -0.015307349152863026 -0.03695520758628845 1.0 0.4375 1.0 -0.47139686346054077 -0.8819212317466736 0.0
vertex 38 -0.02222282625734806 -0.03325880691409111 -1.0 0.40625 0.5 -0.47139686346054077 -0.8819212317466736 0.0
vertex 36 -0.015307349152863026 -0.03695520758628845 -1.0 0.4375 0.5 -0.47139686346054077 -0.8819212317466736 0.0
vertex 39 -0.02222282625734806 -0.03325880691409111 1.0 0.40625 1.0 -0.6343933939933777 -0.7730104327201843 0.0
vertex 40 -0.028284290805459023 -0.028284290805459023 -1.0 0.375 0.5 -0.6343933939933777 -0.7730104327201843 0.0
vertex 38 -0.02222282625734806 -0.03325880691409111 -1.0 0.40625 0.5 -0.6343933939933777 -0.7730104327201843 0.0
vertex 41 -0.028284290805459023 -0.028284290805459023 1.0 0.375 1.0 -0.7730104327201843 -0.6343933939933777 0.0
vertex 42 -0.03325880691409111 -0.02222282625734806 -1.0 0.34375 0.5 -0.7730104327201843 -0.6343933939933777 0.0
vertex 40 -0.028284290805459023 -0.028284290805459023 -1.0 0.375 0.5 -0.7730104327201843 -0.6343933939933777 0.0
vertex 43 -0.03325880691409111 -0.02222282625734806 1.0 0.34375 1.0 -0.8819212317466736 -0.47139686346054077 0.0
vertex 44 -0.03695520758628845 -0.015307349152863026 -1.0 0.3125 0.5 -0.8819212317466736 -0.47139686346054077 0.0
vertex 42 -0.03325880691409111 -0.02222282625734806 -1.0 0.34375 0.5 -0.8819212317466736 -0.47139686346054077 0.0
vertex 45 -0.03695520758628845 -0.015307349152863026 1.0 0.3125 1.0 -0.9569403529167175 -0.29028454422950745 0.0
vertex 46 -0.03923143818974495 -0.0078036184422671795 -1.0 0.28125 0.5 -0.9569403529167175 -0.29028454422950745 0.0
vertex 44 -0.03695520758628845 -0.015307349152863026 -1.0 0.3125 0.5 -0.9569403529167175 -0.29028454422950745 0.0
vertex 47 -0.03923143818974495 -0.0078036184422671795 1.0 0.28125 1.0 -0.9951846599578857 -0.09801730513572693 0.0
vertex 48 -0.040000028908252716 0.0 -1.0 0.25 0.5 -0.9951846599578857 -0.09801730513572693 0.0
vertex 46 -0.03923143818974495 -0.0078036184422671795 -1.0 0.28125 0.5 -0.9951846599578857 -0.09801730513572693 0.0
vertex 49 -0.040000028908252716 0.0 1.0 0.25 1.0 -0.9951846599578857 0.09801730513572693 0.0
vertex 50 -0.03923143818974495 0.0078036184422671795 -1.0 0.21875 0.5 -0.9951846599578857 0.09801730513572693 0.0
vertex 48 -0.040000028908252716 0.0 -1.0 0.25 0.5 -0.9951846599578857 0.09801730513572693 0.0
vertex 51 -0.03923143818974495 0.0078036184422671795 1.0 0.21875 1.0 -0.9569403529167175 0.29028454422950745 0.0
vertex 52 -0.03695520758628845 0.015307349152863026 -1.0 0.1875 0.5 -0.9569403529167175 0.29028454422950745 0.0
vertex 50 -0.03923143818974495 0.0078036184422671795 -1.0 0.21875 0.5 -0.9569403529167175 0.29028454422950745 0.0
vertex 53 -0.03695520758628845 0.015307349152863026 1.0 0.1875 1.0 -0.8819212317466736 0.47139686346054077 0.0
vertex 54 -0.03325880691409111 0.02222282625734806 -1.0 0.15625 0.5 -0.8819212317466736 0.47139686346054077 0.0
vertex 52 -0.03695520758628845 0.015307349152863026 -1.0 0.1875 0.5 -0.8819212317466736 0.47139686346054077 0.0
vertex 55 -0.03325880691409111 0.02222282625734806 1.0 0.15625 1.0 -0.7730104327201843 0.6343933939933777 0.0
vertex 56 -0.028284290805459023 0.028284290805459023 -1.0 0.125 0.5 -0.7730104327201843 0.6343933939933777 0.0
vertex 54 -0.03325880691409111 0.02222282625734806 -1.0 0.15625 0.5 -0.7730104327201843 0.6343933939933777 0.0
vertex 57 -0.028284290805459023 0.028284290805459023 1.0 0.125 1.0 -0.6343933939933777 0.7730104327201843 0.0
vertex 58 -0.02222282625734806 0.03325880691409111 -1.0 0.09375 0.5 -0.6343933939933777 0.7730104327201843 0.0
vertex 56 -0.028284290805459023 0.028284290805459023 -1.0 0.125 0.5 -0.6343933939933777 0.7730104327201843 0.0
vertex 59 -0.02222282625734806 0.03325880691409111 1.0 0.09375 1.0 -0.47139686346054077 0.8819212317466736 0.0
vertex 60 -0.015307349152863026 0.03695520758628845 -1.0 0.0625 0.5 -0.47139686346054077 0.8819212317466736 0.0
vertex 58 -0.02222282625734806 0.03325880691409111 -1.0 0.09375 0.5 -0.47139686346054077 0.8819212317466736 0.0
vertex 37 -0.015307349152863026 -0.03695520758628845 1.0 0.15815597772598267 0.02826891839504242 0.0 0.0 1.0
vertex 21 0.03695520758628845 -0.015307349152863026 1.0 0.4717310667037964 0.15815597772598267 0.0 0.0 1.0
vertex 5 0.015307349152863026 0.03695520758628845 1.0 0.34184402227401733 0.4717310667037964 0.0 0.0 1.0
vertex 61 -0.015307349152863026 0.03695520758628845 1.0 0.0625 1.0 -0.29028454422950745 0.9569403529167175 0.0
vertex 62 -0.0078036184422671795 0.03923143818974495 -1.0 0.03125 0.5 -0.29028454422950745 0.9569403529167175 0.0
vertex 60 -0.015307349152863026 0.03695520758628845 -1.0 0.0625 0.5 -0.29028454422950745 0.9569403529167175 0.0
vertex 63 -0.0078036184422671795 0.03923143818974495 1.0 0.03125 1.0 -0.09801730513572693 0.9951846599578857 0.0
vertex 0 0.0 0.040000028908252716 -1.0 0.0 0.5 -0.09801730513572693 0.9951846599578857 0.0
vertex 62 -0.0078036184422671795 0.03923143818974495 -1.0 0.03125 0.5 -0.09801730513572693 0.9951846599578857 0.0
vertex 30 0.0078036184422671795 -0.03923143818974495 -1.0 0.796821653842926 0.014611542224884033 0.0 -0.0 -1.0
vertex 46 -0.03923143818974495 -0.0078036184422671795 -1.0 0.514611542224884 0.2031783163547516 0.0 -0.0 -1.0
vertex 62 -0.0078036184422671795 0.03923143818974495 -1.0 0.703178346157074 0.48538845777511597 0.0 -0.0 -1.0
vertex 1 0.0 0.040000028908252716 1.0 1.0 1.0 0.09801730513572693 0.9951846599578857 -0.0
vertex 3 0.0078036184422671795 0.03923143818974495 1.0 0.96875 1.0 0.09801730513572693 0.9951846599578857 -0.0
vertex 2 0.0078036184422671795 0.03923143818974495 -1.0 0.96875 0.5 0.09801730513572693 0.9951846599578857 -0.0
vertex 3 0.0078036184422671795 0.03923143818974495 1.0 0.96875 1.0 0.29028454422950745 0.9569403529167175 -0.0
vertex 5 0.015307349152863026 0.03695520758628845 1.0 0.9375 1.0 0.29028454422950745 0.9569403529167175 -0.0
vertex 4 0.015307349152863026 0.03695520758628845 -1.0 0.9375 0.5 0.29028454422950745 0.9569403529167175 -0.0
vertex 5 0.015307349152863026 0.03695520758628845 1.0 0.9375 1.0 0.47139686346054077 0.8819212317466736 -0.0
vertex 7 0.02222282625734806 0.03325880691409111 1.0 0.90625 1.0 0.47139686346054077 0.8819212317466736 -0.0
vertex 6 0.02222282625734806 0.03325880691409111 -1.0 0.90625 0.5 0.47139686346054077 0.8819212317466736 -0.0
vertex 7 0.02222282625734806 0.03325880691409111 1.0 0.90625 1.0 0.6343933939933777 0.7730104327201843 -0.0
vertex 9 0.028284290805459023 0.028284290805459023 1.0 0.875 1.0 0.6343933939933777 0.7730104327201843 -0.0
vertex 8 0.028284290805459023 0.028284290805459023 -1.0 0.875 0.5 0.6343933939933777 0.7730104327201843 -0.0
vertex 9 0.028284290805459023 0.028284290805459023 1.0 0.875 1.0 0.7730104327201843 0.6343933939933777 -0.0
vertex 11 0.03325880691409111 0.02222282625734806 1.0 0.84375 1.0 0.7730104327201843 0.6343933939933777 -0.0
vertex 10 0.03325880691409111 0.02222282625734806 -1.0 0.84375 0.5 0.7730104327201843 0.6343933939933777 -0.0
vertex 11 0.03325880691409111 0.02222282625734806 1.0 0.84375 1.0 0.8819212317466736 0.47139686346054077 -0.0
vertex 13 0.03695520758628845 0.015307349152863026 1.0 0.8125 1.0 0.8819212317466736 0.47139686346054077 -0.0
vertex 12 0.03695520758628845 0.015307349152863026 -1.0 0.8125 0.5 0.8819212317466736 0.47139686346054077 -0.0
vertex 13 0.03695520758628845 0.015307349152863026 1.0 0.8125 1.0 0.9569403529167175 0.29028454422950745 -0.0
vertex 15 0.03923143818974495 0.0078036184422671795 1.0 0.78125 1.0 0.9569403529167175 0.29028454422950745 -0.0
vertex 14 0.03923143818974495 0.0078036184422671795 -1.0 0.78125 0.5 0.9569403529167175 0.29028454422950745 -0.0
vertex 15 0.03923143818974495 0.0078036184422671795 1.0 0.78125 1.0 0.9951846599578857 0.09801730513572693 -0.0
vertex 17 0.040000028908252716 0.0 1.0 0.75 1.0 0.9951846599578857 0.09801730513572693 -0.0
vertex 16 0.040000028908252716 0.0 -1.0 0.75 0.5 0.9951846599578857 0.09801730513572693 -0.0
vertex 17 0.040000028908252716 0.0 1.0 0.75 1.0 0.9951846599578857 -0.09801730513572693 0.0
vertex 19 0.03923143818974495 -0.0078036184422671795 1.0 0.71875 1.0 0.9951846599578857 -0.09801730513572693 0.0
vertex 18 0.03923143818974495 -0.0078036184422671795 -1.0 0.71875 0.5 0.9951846599578857 -0.09801730513572693 0.0
vertex 19 0.03923143818974495 -0.0078036184422671795 1.0 0.71875 1.0 0.9569403529167175 -0.29028454422950745 0.0
vertex 21 0.03695520758628845 -0.015307349152863026 1.0 0.6875 1.0 0.9569403529167175 -0.29028454422950745 0.0
vertex 20 0.03695520758628845 -0.015307349152863026 -1.0 0.6875 0.5 0.9569403529167175 -0.29028454422950745 0.0
vertex 21 0.03695520758628845 -0.015307349152863026 1.0 0.6875 1.0 0.8819212317466736 -0.47139686346054077 0.0
vertex 23 0.03325880691409111 -0.02222282625734806 1.0 0.65625 1.0 0.8819212317466736 -0.47139686346054077 0.0
vertex 22 0.03325880691409111 -0.02222282625734806 -1.0 0.65625 0.5 0.8819212317466736 -0.47139686346054077 0.0
vertex 23 0.03325880691409111 -0.02222282625734806 1.0 0.65625 1.0 0.7730104327201843 -0.6343933939933777 0.0
vertex 25 0.028284290805459023 -0.028284290805459023 1.0 0.625 1.0 0.7730104327201843 -0.6343933939933777 0.0
vertex 24 0.028284290805459023 -0.028284290805459023 -1.0 0.625 0.5 0.7730104327201843 -0.6343933939933777 0.0
vertex 25 0.028284290805459023 -0.028284290805459023 1.0 0.625 1.0 0.6343933939933777 -0.7730104327201843 0.0
vertex 27 0.02222282625734806 -0.03325880691409111 1.0 0.59375 1.0 0.6343933939933777 -0.7730104327201843 0.0
vertex 26 0.02222282625734806 -0.03325880691409111 -1.0 0.59375 0.5 0.6343933939933777 -0.7730104327201843 0.0
vertex 27 0.02222282625734806 -0.03325880691409111 1.0 0.59375 1.0 0.47139686346054077 -0.8819212317466736 0.0
vertex 29 0.015307349152863026 -0.03695520758628845 1.0 0.5625 1.0 0.47139686346054077 -0.8819212317466736 0.0
vertex 28 0.015307349152863026 -0.03695520758628845 -1.0 0.5625 0.5 0.47139686346054077 -0.8819212317466736 0.0
vertex 29 0.015307349152863026 -0.03695520758628845 1.0 0.5625 1.0 0.29028454422950745 -0.9569403529167175 0.0
vertex 31 0.0078036184422671795 -0.03923143818974495 1.0 0.53125 1.0 0.29028454422950745 -0.9569403529167175 0.0
vertex 30 0.0078036184422671795 -0.03923143818974495 -1.0 0.53125 0.5 0.29028454422950745 -0.9569403529167175 0.0
vertex 31 0.0078036184422671795 -0.03923143818974495 1.0 0.53125 1.0 0.09801730513572693 -0.9951846599578857 0.0
vertex 33 0.0 -0.040000028908252716 1.0 0.5 1.0 0.09801730513572693 -0.9951846599578857 0.0
vertex 32 0.0 -0.040000028908252716 -1.0 0.5 0.5 0.09801730513572693 -0.9951846599578857 0.0
vertex 33 0.0 -0.040000028908252716 1.0 0.5 1.0 -0.09801730513572693 -0.9951846599578857 0.0
vertex 35 -0.0078036184422671795 -0.03923143818974495 1.0 0.46875 1.0 -0.09801730513572693 -0.9951846599578857 0.0
vertex 34 -0.0078036184422671795 -0.03923143818974495 -1.0 0.46875 0.5 -0.09801730513572693 -0.9951846599578857 0.0
vertex 35 -0.0078036184422671795 -0.03923143818974495 1.0 0.46875 1.0 -0.29028454422950745 -0.9569403529167175 0.0
vertex 37 -0.015307349152863026 -0.03695520758628845 1.0 0.4375 1.0 -0.29028454422950745 -0.9569403529167175 0.0
vertex 36 -0.015307349152863026 -0.03695520758628845 -1.0 0.4375 0.5 -0.29028454422950745 -0.9569403529167175 0.0
vertex 37 -0.015307349152863026 -0.03695520758628845 1.0 0.4375 1.0 -0.47139686346054077 -0.8819212317466736 0.0
vertex 39 -0.02222282625734806 -0.03325880691409111 1.0 0.40625 1.0 -0.47139686346054077 -0.8819212317466736 0.0
vertex 38 -0.02222282625734806 -0.03325880691409111 -1.0 0.40625 0.5 -0.47139686346054077 -0.8819212317466736 0.0
vertex 39 -0.02222282625734806 -0.03325880691409111 1.0 0.40625 1.0 -0.6343933939933777 -0.7730104327201843 0.0
vertex 41 -0.028284290805459023 -0.028284290805459023 1.0 0.375 1.0 -0.6343933939933777 -0.7730104327201843 0.0
vertex 40 -0.028284290805459023 -0.028284290805459023 -1.0 0.375 0.5 -0.6343933939933777 -0.7730104327201843 0.0
vertex 41 -0.028284290805459023 -0.028284290805459023 1.0 0.375 1.0 -0.7730104327201843 -0.6343933939933777 0.0
vertex 43 -0.03325880691409111 -0.02222282625734806 1.0 0.34375 1.0 -0.7730104327201843 -0.6343933939933777 0.0
vertex 42 -0.03325880691409111 -0.02222282625734806 -1.0 0.34375 0.5 -0.7730104327201843 -0.6343933939933777 0.0
vertex 43 -0.03325880691409111 -0.02222282625734806 1.0 0.34375 1.0 -0.8819212317466736 -0.47139686346054077 0.0
vertex 45 -0.03695520758628845 -0.015307349152863026 1.0 0.3125 1.0 -0.8819212317466736 -0.47139686346054077 0.0
vertex 44 -0.03695520758628845 -0.015307349152863026 -1.0 0.3125 0.5 -0.8819212317466736 -0.47139686346054077 0.0
vertex 45 -0.03695520758628845 -0.015307349152863026 1.0 0.3125 1.0 -0.9569403529167175 -0.29028454422950745 0.0
vertex 47 -0.03923143818974495 -0.0078036184422671795 1.0 0.28125 1.0 -0.9569403529167175 -0.29028454422950745 0.0
vertex 46 -0.03923143818974495 -0.0078036184422671795 -1.0 0.28125 0.5 -0.9569403529167175 -0.29028454422950745 0.0
vertex 47 -0.03923143818974495 -0.0078036184422671795 1.0 0.28125 1.0 -0.9951846599578857 -0.09801730513572693 0.0
vertex 49 -0.040000028908252716 0.0 1.0 0.25 1.0 -0.9951846599578857 -0.09801730513572693 0.0
vertex 48 -0.040000028908252716 0.0 -1.0 0.25 0.5 -0.9951846599578857 -0.09801730513572693 0.0
vertex 49 -0.040000028908252716 0.0 1.0 0.25 1.0 -0.9951846599578857 0.09801730513572693 0.0
vertex 51 -0.03923143818974495 0.0078036184422671795 1.0 0.21875 1.0 -0.9951846599578857 0.09801730513572693 0.0
vertex 50 -0.03923143818974495 0.0078036184422671795 -1.0 0.21875 0.5 -0.9951846599578857 0.09801730513572693 0.0
vertex 51 -0.03923143818974495 0.0078036184422671795 1.0 0.21875 1.0 -0.9569403529167175 0.29028454422950745 0.0
vertex 53 -0.03695520758628845 0.015307349152863026 1.0 0.1875 1.0 -0.9569403529167175 0.29028454422950745 0.0
vertex 52 -0.03695520758628845 0.015307349152863026 -1.0 0.1875 0.5 -0.9569403529167175 0.29028454422950745 0.0
vertex 53 -0.03695520758628845 0.015307349152863026 1.0 0.1875 1.0 -0.8819212317466736 0.47139686346054077 0.0
vertex 55 -0.03325880691409111 0.02222282625734806 1.0 0.15625 1.0 -0.8819212317466736 0.47139686346054077 0.0
vertex 54 -0.03325880691409111 0.02222282625734806 -1.0 0.15625 0.5 -0.8819212317466736 0.47139686346054077 0.0
vertex 55 -0.03325880691409111 0.02222282625734806 1.0 0.15625 1.0 -0.7730104327201843 0.6343933939933777 0.0
vertex 57 -0.028284290805459023 0.028284290805459023 1.0 0.125 1.0 -0.7730104327201843 0.6343933939933777 0.0
vertex 56 -0.028284290805459023 0.028284290805459023 -1.0 0.125 0.5 -0.7730104327201843 0.6343933939933777 0.0
vertex 57 -0.028284290805459023 0.028284290805459023 1.0 0.125 1.0 -0.6343933939933777 0.7730104327201843 0.0
vertex 59 -0.02222282625734806 0.03325880691409111 1.0 0.09375 1.0 -0.6343933939933777 0.7730104327201843 0.0
vertex 58 -0.02222282625734806 0.03325880691409111 -1.0 0.09375 0.5 -0.6343933939933777 0.7730104327201843 0.0
vertex 59 -0.02222282625734806 0.03325880691409111 1.0 0.09375 1.0 -0.47139686346054077 0.8819212317466736 0.0
vertex 61 -0.015307349152863026 0.03695520758628845 1.0 0.0625 1.0 -0.47139686346054077 0.8819212317466736 0.0
vertex 60 -0.015307349152863026 0.03695520758628845 -1.0 0.0625 0.5 -0.47139686346054077 0.8819212317466736 0.0
vertex 5 0.015307349152863026 0.03695520758628845 1.0 0.34184402227401733 0.4717310667037964 0.0 0.0 1.0
vertex 3 0.0078036184422671795 0.03923143818974495 1.0 0.2968216836452484 0.48538845777511597 0.0 0.0 1.0
vertex 1 0.0 0.040000028908252716 1.0 0.25 0.49000000953674316 0.0 0.0 1.0
vertex 1 0.0 0.040000028908252716 1.0 0.25 0.49000000953674316 0.0 -0.0 1.0
vertex 63 -0.0078036184422671795 0.03923143818974495 1.0 0.2031783163547516 0.48538845777511597 0.0 -0.0 1.0
vertex 5 0.015307349152863026 0.03695520758628845 1.0 0.34184402227401733 0.4717310667037964 0.0 -0.0 1.0
vertex 63 -0.0078036184422671795 0.03923143818974495 1.0 0.2031783163547516 0.48538845777511597 0.0 -0.0 1.0
vertex 61 -0.015307349152863026 0.03695520758628845 1.0 0.15815597772598267 0.4717310667037964 0.0 -0.0 1.0
vertex 5 0.015307349152863026 0.03695520758628845 1.0 0.34184402227401733 0.4717310667037964 0.0 -0.0 1.0
vertex 61 -0.015307349152863026 0.03695520758628845 1.0 0.15815597772598267 0.4717310667037964 0.0 0.0 1.0
vertex 59 -0.02222282625734806 0.03325880691409111 1.0 0.1166631430387497 0.4495527148246765 0.0 0.0 1.0
vertex 57 -0.028284290805459023 0.028284290805459023 1.0 0.08029437065124512 0.4197056293487549 0.0 0.0 1.0
vertex 57 -0.028284290805459023 0.028284290805459023 1.0 0.08029437065124512 0.4197056293487549 0.0 0.0 1.0
vertex 55 -0.03325880691409111 0.02222282625734806 1.0 0.05044730007648468 0.3833368420600891 0.0 0.0 1.0
vertex 53 -0.03695520758628845 0.015307349152863026 1.0 0.02826891839504242 0.34184402227401733 0.0 0.0 1.0
vertex 53 -0.03695520758628845 0.015307349152863026 1.0 0.02826891839504242 0.34184402227401733 0.0 0.0 1.0
vertex 51 -0.03923143818974495 0.0078036184422671795 1.0 0.014611542224884033 0.2968216836452484 0.0 0.0 1.0
vertex 49 -0.040000028908252716 0.0 1.0 0.01000000536441803 0.25 0.0 0.0 1.0
vertex 49 -0.040000028908252716 0.0 1.0 0.01000000536441803 0.25 0.0 0.0 1.0
vertex 47 -0.03923143818974495 -0.0078036184422671795 1.0 0.014611542224884033 0.2031783163547516 0.0 0.0 1.0
vertex 53 -0.03695520758628845 0.015307349152863026 1.0 0.02826891839504242 0.34184402227401733 0.0 0.0 1.0
vertex 47 -0.03923143818974495 -0.0078036184422671795 1.0 0.014611542224884033 0.2031783163547516 0.0 0.0 1.0
vertex 45 -0.03695520758628845 -0.015307349152863026 1.0 0.02826891839504242 0.15815597772598267 0.0 0.0 1.0
vertex 53 -0.03695520758628845 0.015307349152863026 1.0 0.02826891839504242 0.34184402227401733 0.0 0.0 1.0
vertex 45 -0.03695520758628845 -0.015307349152863026 1.0 0.02826891839504242 0.15815597772598267 0.0 0.0 1.0
vertex 43 -0.03325880691409111 -0.02222282625734806 1.0 0.05044730007648468 0.1166631430387497 0.0 0.0 1.0
vertex 41 -0.028284290805459023 -0.028284290805459023 1.0 0.08029437065124512 0.08029437065124512 0.0 0.0 1.0
vertex 41 -0.028284290805459023 -0.028284290805459023 1.0 0.08029437065124512 0.08029437065124512 0.0 0.0 1.0
vertex 39 -0.02222282625734806 -0.03325880691409111 1.0 0.1166631430387497 0.05044730007648468 0.0 0.0 1.0
vertex 37 -0.015307349152863026 -0.03695520758628845 1.0 0.15815597772598267 0.02826891839504242 0.0 0.0 1.0
vertex 37 -0.015307349152863026 -0.03695520758628845 1.0 0.15815597772598267 0.02826891839504242 0.0 0.0 1.0
vertex 35 -0.0078036184422671795 -0.03923143818974495 1.0 0.2031783163547516 0.014611542224884033 0.0 0.0 1.0
vertex 33 0.0 -0.040000028908252716 1.0 0.25 0.01000000536441803 0.0 0.0 1.0
vertex 33 0.0 -0.040000028908252716 1.0 0.25 0.01000000536441803 0.0 0.0 1.0
vertex 31 0.0078036184422671795 -0.03923143818974495 1.0 0.2968216836452484 0.014611542224884033 0.0 0.0 1.0
vertex 37 -0.015307349152863026 -0.03695520758628845 1.0 0.15815597772598267 0.02826891839504242 0.0 0.0 1.0
vertex 31 0.0078036184422671795 -0.03923143818974495 1.0 0.2968216836452484 0.014611542224884033 -0.0 0.0 1.0
vertex 29 0.015307349152863026 -0.03695520758628845 1.0 0.34184402227401733 0.02826891839504242 -0.0 0.0 1.0
vertex 37 -0.015307349152863026 -0.03695520758628845 1.0 0.15815597772598267 0.02826891839504242 -0.0 0.0 1.0
vertex 29 0.015307349152863026 -0.03695520758628845 1.0 0.34184402227401733 0.02826891839504242 0.0 0.0 1.0
vertex 27 0.02222282625734806 -0.03325880691409111 1.0 0.3833368420600891 0.05044730007648468 0.0 0.0 1.0
vertex 25 0.028284290805459023 -0.028284290805459023 1.0 0.4197056293487549 0.08029437065124512 0.0 0.0 1.0
vertex 25 0.028284290805459023 -0.028284290805459023 1.0 0.4197056293487549 0.08029437065124512 0.0 0.0 1.0
vertex 23 0.03325880691409111 -0.02222282625734806 1.0 0.4495527148246765 0.1166631430387497 0.0 0.0 1.0
vertex 21 0.03695520758628845 -0.015307349152863026 1.0 0.4717310667037964 0.15815597772598267 0.0 0.0 1.0
vertex 21 0.03695520758628845 -0.015307349152863026 1.0 0.4717310667037964 0.15815597772598267 0.0 0.0 1.0
vertex 19 0.03923143818974495 -0.0078036184422671795 1.0 0.48538845777511597 0.2031783163547516 0.0 0.0 1.0
vertex 17 0.040000028908252716 0.0 1.0 0.49000000953674316 0.25 0.0 0.0 1.0
vertex 17 0.040000028908252716 0.0 1.0 0.49000000953674316 0.25 -0.0 0.0 1.0
vertex 15 0.03923143818974495 0.0078036184422671795 1.0 0.48538845777511597 0.2968216836452484 -0.0 0.0 1.0
vertex 21 0.03695520758628845 -0.015307349152863026 1.0 0.4717310667037964 0.15815597772598267 -0.0 0.0 1.0
vertex 15 0.03923143818974495 0.0078036184422671795 1.0 0.48538845777511597 0.2968216836452484 -0.0 0.0 1.0
vertex 13 0.03695520758628845 0.015307349152863026 1.0 0.4717310667037964 0.34184402227401733 -0.0 0.0 1.0
vertex 21 0.03695520758628845 -0.015307349152863026 1.0 0.4717310667037964 0.15815597772598267 -0.0 0.0 1.0
vertex 13 0.03695520758628845 0.015307349152863026 1.0 0.4717310667037964 0.34184402227401733 0.0 0.0 1.0
vertex 11 0.03325880691409111 0.02222282625734806 1.0 0.4495527148246765 0.3833368420600891 0.0 0.0 1.0
vertex 9 0.028284290805459023 0.028284290805459023 1.0 0.4197056293487549 0.4197056293487549 0.0 0.0 1.0
vertex 9 0.028284290805459023 0.028284290805459023 1.0 0.4197056293487549 0.4197056293487549 0.0 0.0 1.0
vertex 7 0.02222282625734806 0.03325880691409111 1.0 0.3833368420600891 0.4495527148246765 0.0 0.0 1.0
vertex 5 0.015307349152863026 0.03695520758628845 1.0 0.34184402227401733 0.4717310667037964 0.0 0.0 1.0
vertex 61 -0.015307349152863026 0.03695520758628845 1.0 0.15815597772598267 0.4717310667037964 0.0 -0.0 1.0
vertex 57 -0.028284290805459023 0.028284290805459023 1.0 0.08029437065124512 0.4197056293487549 0.0 -0.0 1.0
vertex 5 0.015307349152863026 0.03695520758628845 1.0 0.34184402227401733 0.4717310667037964 0.0 -0.0 1.0
vertex 57 -0.028284290805459023 0.028284290805459023 1.0 0.08029437065124512 0.4197056293487549 0.0 -0.0 1.0
vertex 53 -0.03695520758628845 0.015307349152863026 1.0 0.02826891839504242 0.34184402227401733 0.0 -0.0 1.0
vertex 5 0.015307349152863026 0.03695520758628845 1.0 0.34184402227401733 0.4717310667037964 0.0 -0.0 1.0
vertex 45 -0.03695520758628845 -0.015307349152863026 1.0 0.02826891839504242 0.15815597772598267 0.0 0.0 1.0
vertex 41 -0.028284290805459023 -0.028284290805459023 1.0 0.08029437065124512 0.08029437065124512 0.0 0.0 1.0
vertex 53 -0.03695520758628845 0.015307349152863026 1.0 0.02826891839504242 0.34184402227401733 0.0 0.0 1.0
vertex 41 -0.028284290805459023 -0.028284290805459023 1.0 0.08029437065124512 0.08029437065124512 0.0 0.0 1.0
vertex 37 -0.015307349152863026 -0.03695520758628845 1.0 0.15815597772598267 0.02826891839504242 0.0 0.0 1.0
vertex 53 -0.03695520758628845 0.015307349152863026 1.0 0.02826891839504242 0.34184402227401733 0.0 0.0 1.0
vertex 29 0.015307349152863026 -0.03695520758628845 1.0 0.34184402227401733 0.02826891839504242 -0.0 0.0 1.0
vertex 25 0.028284290805459023 -0.028284290805459023 1.0 0.4197056293487549 0.08029437065124512 -0.0 0.0 1.0
vertex 37 -0.015307349152863026 -0.03695520758628845 1.0 0.15815597772598267 0.02826891839504242 -0.0 0.0 1.0
vertex 25 0.028284290805459023 -0.028284290805459023 1.0 0.4197056293487549 0.08029437065124512 -0.0 0.0 1.0
vertex 21 0.03695520758628845 -0.015307349152863026 1.0 0.4717310667037964 0.15815597772598267 -0.0 0.0 1.0
vertex 37 -0.015307349152863026 -0.03695520758628845 1.0 0.15815597772598267 0.02826891839504242 -0.0 0.0 1.0
vertex 13 0.03695520758628845 0.015307349152863026 1.0 0.4717310667037964 0.34184402227401733 -0.0 -0.0 1.0
vertex 9 0.028284290805459023 0.028284290805459023 1.0 0.4197056293487549 0.4197056293487549 -0.0 -0.0 1.0
vertex 21 0.03695520758628845 -0.015307349152863026 1.0 0.4717310667037964 0.15815597772598267 -0.0 -0.0 1.0
vertex 9 0.028284290805459023 0.028284290805459023 1.0 0.4197056293487549 0.4197056293487549 -0.0 -0.0 1.0
vertex 5 0.015307349152863026 0.03695520758628845 1.0 0.34184402227401733 0.4717310667037964 -0.0 -0.0 1.0
vertex 21 0.03695520758628845 -0.015307349152863026 1.0 0.4717310667037964 0.15815597772598267 -0.0 -0.0 1.0
vertex 5 0.015307349152863026 0.03695520758628845 1.0 0.34184402227401733 0.4717310667037964 0.0 -0.0 1.0
vertex 53 -0.03695520758628845 0.015307349152863026 1.0 0.02826891839504242 0.34184402227401733 0.0 -0.0 1.0
vertex 37 -0.015307349152863026 -0.03695520758628845 1.0 0.15815597772598267 0.02826891839504242 0.0 -0.0 1.0
vertex 61 -0.015307349152863026 0.03695520758628845 1.0 0.0625 1.0 -0.29028454422950745 0.9569403529167175 0.0
vertex 63 -0.0078036184422671795 0.03923143818974495 1.0 0.03125 1.0 -0.29028454422950745 0.9569403529167175 0.0
vertex 62 -0.0078036184422671795 0.03923143818974495 -1.0 0.03125 0.5 -0.29028454422950745 0.9569403529167175 0.0
vertex 63 -0.0078036184422671795 0.03923143818974495 1.0 0.03125 1.0 -0.09801730513572693 0.9951846599578857 0.0
vertex 1 0.0 0.040000028908252716 1.0 0.0 1.0 -0.09801730513572693 0.9951846599578857 0.0
vertex 0 0.0 0.040000028908252716 -1.0 0.0 0.5 -0.09801730513572693 0.9951846599578857 0.0
vertex 62 -0.0078036184422671795 0.03923143818974495 -1.0 0.703178346157074 0.48538845777511597 -0.0 0.0 -1.0
vertex 0 0.0 0.040000028908252716 -1.0 0.75 0.49000000953674316 -0.0 0.0 -1.0
vertex 2 0.0078036184422671795 0.03923143818974495 -1.0 0.796821653842926 0.48538845777511597 -0.0 0.0 -1.0
vertex 2 0.0078036184422671795 0.03923143818974495 -1.0 0.796821653842926 0.48538845777511597 0.0 0.0 -1.0
vertex 4 0.015307349152863026 0.03695520758628845 -1.0 0.8418440222740173 0.4717310667037964 0.0 0.0 -1.0
vertex 6 0.02222282625734806 0.03325880691409111 -1.0 0.8833368420600891 0.4495527148246765 0.0 0.0 -1.0
vertex 6 0.02222282625734806 0.03325880691409111 -1.0 0.8833368420600891 0.4495527148246765 0.0 0.0 -1.0
vertex 8 0.028284290805459023 0.028284290805459023 -1.0 0.9197056293487549 0.4197056293487549 0.0 0.0 -1.0
vertex 14 0.03923143818974495 0.0078036184422671795 -1.0 0.985388457775116 0.2968216836452484 0.0 0.0 -1.0
vertex 8 0.028284290805459023 0.028284290805459023 -1.0 0.9197056293487549 0.4197056293487549 0.0 0.0 -1.0
vertex 10 0.03325880691409111 0.02222282625734806 -1.0 0.9495527148246765 0.3833368420600891 0.0 0.0 -1.0
vertex 14 0.03923143818974495 0.0078036184422671795 -1.0 0.985388457775116 0.2968216836452484 0.0 0.0 -1.0
vertex 10 0.03325880691409111 0.02222282625734806 -1.0 0.9495527148246765 0.3833368420600891 0.0 0.0 -1.0
vertex 12 0.03695520758628845 0.015307349152863026 -1.0 0.9717310667037964 0.34184402227401733 0.0 0.0 -1.0
vertex 14 0.03923143818974495 0.0078036184422671795 -1.0 0.985388457775116 0.2968216836452484 0.0 0.0 -1.0
vertex 14 0.03923143818974495 0.0078036184422671795 -1.0 0.985388457775116 0.2968216836452484 0.0 0.0 -1.0
vertex 16 0.040000028908252716 0.0 -1.0 0.9900000095367432 0.25 0.0 0.0 -1.0
vertex 18 0.03923143818974495 -0.0078036184422671795 -1.0 0.985388457775116 0.2031783163547516 0.0 0.0 -1.0
vertex 18 0.03923143818974495 -0.0078036184422671795 -1.0 0.985388457775116 0.2031783163547516 0.0 0.0 -1.0
vertex 20 0.03695520758628845 -0.015307349152863026 -1.0 0.9717310667037964 0.15815597772598267 0.0 0.0 -1.0
vertex 22 0.03325880691409111 -0.02222282625734806 -1.0 0.9495527148246765 0.1166631430387497 0.0 0.0 -1.0
vertex 22 0.03325880691409111 -0.02222282625734806 -1.0 0.9495527148246765 0.1166631430387497 0.0 0.0 -1.0
vertex 24 0.028284290805459023 -0.028284290805459023 -1.0 0.9197056293487549 0.08029437065124512 0.0 0.0 -1.0
vertex 26 0.02222282625734806 -0.03325880691409111 -1.0 0.8833368420600891 0.05044730007648468 0.0 0.0 -1.0
vertex 26 0.02222282625734806 -0.03325880691409111 -1.0 0.8833368420600891 0.05044730007648468 0.0 0.0 -1.0
vertex 28 0.015307349152863026 -0.03695520758628845 -1.0 0.8418440222740173 0.02826891839504242 0.0 0.0 -1.0
vertex 30 0.0078036184422671795 -0.03923143818974495 -1.0 0.796821653842926 0.014611542224884033 0.0 0.0 -1.0
vertex 30 0.0078036184422671795 -0.03923143818974495 -1.0 0.796821653842926 0.014611542224884033 0.0 0.0 -1.0
vertex 32 0.0 -0.040000028908252716 -1.0 0.75 0.01000000536441803 0.0 0.0 -1.0
vertex 34 -0.0078036184422671795 -0.03923143818974495 -1.0 0.703178346157074 0.014611542224884033 0.0 0.0 -1.0
vertex 34 -0.0078036184422671795 -0.03923143818974495 -1.0 0.703178346157074 0.014611542224884033 0.0 0.0 -1.0
vertex 36 -0.015307349152863026 -0.03695520758628845 -1.0 0.6581559777259827 0.02826891839504242 0.0 0.0 -1.0
vertex 38 -0.02222282625734806 -0.03325880691409111 -1.0 0.6166631579399109 0.05044730007648468 0.0 0.0 -1.0
vertex 38 -0.02222282625734806 -0.03325880691409111 -1.0 0.6166631579399109 0.05044730007648468 0.0 0.0 -1.0
vertex 40 -0.028284290805459023 -0.028284290805459023 -1.0 0.5802943706512451 0.08029437065124512 0.0 0.0 -1.0
vertex 46 -0.03923143818974495 -0.0078036184422671795 -1.0 0.514611542224884 0.2031783163547516 0.0 0.0 -1.0
vertex 40 -0.028284290805459023 -0.028284290805459023 -1.0 0.5802943706512451 0.08029437065124512 0.0 0.0 -1.0
vertex 42 -0.03325880691409111 -0.02222282625734806 -1.0 0.5504472851753235 0.1166631430387497 0.0 0.0 -1.0
vertex 46 -0.03923143818974495 -0.0078036184422671795 -1.0 0.514611542224884 0.2031783163547516 0.0 0.0 -1.0
vertex 42 -0.03325880691409111 -0.02222282625734806 -1.0 0.5504472851753235 0.1166631430387497 0.0 0.0 -1.0
vertex 44 -0.03695520758628845 -0.015307349152863026 -1.0 0.5282689332962036 0.15815597772598267 0.0 0.0 -1.0
vertex 46 -0.03923143818974495 -0.0078036184422671795 -1.0 0.514611542224884 0.2031783163547516 0.0 0.0 -1.0
vertex 46 -0.03923143818974495 -0.0078036184422671795 -1.0 0.514611542224884 0.2031783163547516 0.0 -0.0 -1.0
vertex 48 -0.040000028908252716 0.0 -1.0 0.5099999904632568 0.25 0.0 -0.0 -1.0
vertex 50 -0.03923143818974495 0.0078036184422671795 -1.0 0.514611542224884 0.2968216836452484 0.0 -0.0 -1.0
vertex 50 -0.03923143818974495 0.0078036184422671795 -1.0 0.514611542224884 0.2968216836452484 0.0 0.0 -1.0
vertex 52 -0.03695520758628845 0.015307349152863026 -1.0 0.5282689332962036 0.34184402227401733 0.0 0.0 -1.0
vertex 54 -0.03325880691409111 0.02222282625734806 -1.0 0.5504472851753235 0.3833368420600891 0.0 0.0 -1.0
vertex 54 -0.03325880691409111 0.02222282625734806 -1.0 0.5504472851753235 0.3833368420600891 0.0 0.0 -1.0
vertex 56 -0.028284290805459023 0.028284290805459023 -1.0 0.5802943706512451 0.4197056293487549 0.0 0.0 -1.0
vertex 58 -0.02222282625734806 0.03325880691409111 -1.0 0.6166631579399109 0.4495527148246765 0.0 0.0 -1.0
vertex 58 -0.02222282625734806 0.03325880691409111 -1.0 0.6166631579399109 0.4495527148246765 0.0 0.0 -1.0
vertex 60 -0.015307349152863026 0.03695520758628845 -1.0 0.6581559777259827 0.4717310667037964 0.0 0.0 -1.0
vertex 62 -0.0078036184422671795 0.03923143818974495 -1.0 0.703178346157074 0.48538845777511597 0.0 0.0 -1.0
vertex 62 -0.0078036184422671795 0.03923143818974495 -1.0 0.703178346157074 0.48538845777511597 0.0 0.0 -1.0
vertex 2 0.0078036184422671795 0.03923143818974495 -1.0 0.796821653842926 0.48538845777511597 0.0 0.0 -1.0
vertex 14 0.03923143818974495 0.0078036184422671795 -1.0 0.985388457775116 0.2968216836452484 0.0 0.0 -1.0
vertex 2 0.0078036184422671795 0.03923143818974495 -1.0 0.796821653842926 0.48538845777511597 0.0 0.0 -1.0
vertex 6 0.02222282625734806 0.03325880691409111 -1.0 0.8833368420600891 0.4495527148246765 0.0 0.0 -1.0
vertex 14 0.03923143818974495 0.0078036184422671795 -1.0 0.985388457775116 0.2968216836452484 0.0 0.0 -1.0
vertex 14 0.03923143818974495 0.0078036184422671795 -1.0 0.985388457775116 0.2968216836452484 0.0 0.0 -1.0
vertex 18 0.03923143818974495 -0.0078036184422671795 -1.0 0.985388457775116 0.2031783163547516 0.0 0.0 -1.0
vertex 22 0.03325880691409111 -0.02222282625734806 -1.0 0.9495527148246765 0.1166631430387497 0.0 0.0 -1.0
vertex 22 0.03325880691409111 -0.02222282625734806 -1.0 0.9495527148246765 0.1166631430387497 0.0 -0.0 -1.0
vertex 26 0.02222282625734806 -0.03325880691409111 -1.0 0.8833368420600891 0.05044730007648468 0.0 -0.0 -1.0
vertex 14 0.03923143818974495 0.0078036184422671795 -1.0 0.985388457775116 0.2968216836452484 0.0 -0.0 -1.0
vertex 26 0.02222282625734806 -0.03325880691409111 -1.0 0.8833368420600891 0.05044730007648468 0.0 -0.0 -1.0
vertex 30 0.0078036184422671795 -0.03923143818974495 -1.0 0.796821653842926 0.014611542224884033 0.0 -0.0 -1.0
vertex 14 0.03923143818974495 0.0078036184422671795 -1.0 0.985388457775116 0.2968216836452484 0.0 -0.0 -1.0
vertex 30 0.0078036184422671795 -0.03923143818974495 -1.0 0.796821653842926 0.014611542224884033 0.0 0.0 -1.0
vertex 34 -0.0078036184422671795 -0.03923143818974495 -1.0 0.703178346157074 0.014611542224884033 0.0 0.0 -1.0
vertex 46 -0.03923143818974495 -0.0078036184422671795 -1.0 0.514611542224884 0.2031783163547516 0.0 0.0 -1.0
vertex 34 -0.0078036184422671795 -0.03923143818974495 -1.0 0.703178346157074 0.014611542224884033 0.0 0.0 -1.0
vertex 38 -0.02222282625734806 -0.03325880691409111 -1.0 0.6166631579399109 0.05044730007648468 0.0 0.0 -1.0
vertex 46 -0.03923143818974495 -0.0078036184422671795 -1.0 0.514611542224884 0.2031783163547516 0.0 0.0 -1.0
vertex 46 -0.03923143818974495 -0.0078036184422671795 -1.0 0.514611542224884 0.2031783163547516 0.0 -0.0 -1.0
vertex 50 -0.03923143818974495 0.0078036184422671795 -1.0 0.514611542224884 0.2968216836452484 0.0 -0.0 -1.0
vertex 54 -0.03325880691409111 0.02222282625734806 -1.0 0.5504472851753235 0.3833368420600891 0.0 -0.0 -1.0
vertex 54 -0.03325880691409111 0.02222282625734806 -1.0 0.5504472851753235 0.3833368420600891 -0.0 0.0 -1.0
vertex 58 -0.02222282625734806 0.03325880691409111 -1.0 0.6166631579399109 0.4495527148246765 -0.0 0.0 -1.0
vertex 46 -0.03923143818974495 -0.0078036184422671795 -1.0 0.514611542224884 0.2031783163547516 -0.0 0.0 -1.0
vertex 58 -0.02222282625734806 0.03325880691409111 -1.0 0.6166631579399109 0.4495527148246765 -0.0 0.0 -1.0
vertex 62 -0.0078036184422671795 0.03923143818974495 -1.0 0.703178346157074 0.48538845777511597 -0.0 0.0 -1.0
vertex 46 -0.03923143818974495 -0.0078036184422671795 -1.0 0.514611542224884 0.2031783163547516 -0.0 0.0 -1.0
vertex 62 -0.0078036184422671795 0.03923143818974495 -1.0 0.703178346157074 0.48538845777511597 0.0 0.0 -1.0
vertex 14 0.03923143818974495 0.0078036184422671795 -1.0 0.985388457775116 0.2968216836452484 0.0 0.0 -1.0
vertex 30 0.0078036184422671795 -0.03923143818974495 -1.0 0.796821653842926 0.014611542224884033 0.0 0.0 -1.0
edge 0.0 0.040000028908252716 -1.0 0.0078036184422671795 0.03923143818974495 -1.0
edge 0.0078036184422671795 0.03923143818974495 1.0 0.0 0.040000028908252716 1.0
edge 0.0 0.040000028908252716 -1.0 0.0 0.040000028908252716 1.0
edge 0.0078036184422671795 0.03923143818974495 1.0 0.0078036184422671795 0.03923143818974495 -1.0
edge 0.0078036184422671795 0.03923143818974495 -1.0 0.015307349152863026 0.03695520758628845 -1.0
edge 0.015307349152863026 0.03695520758628845 1.0 0.0078036184422671795 0.03923143818974495 1.0
edge 0.015307349152863026 0.03695520758628845 1.0 0.015307349152863026 0.03695520758628845 -1.0
edge 0.015307349152863026 0.03695520758628845 -1.0 0.02222282625734806 0.03325880691409111 -1.0
edge 0.02222282625734806 0.03325880691409111 1.0 0.015307349152863026 0.03695520758628845 1.0
edge 0.02222282625734806 0.03325880691409111 1.0 0.02222282625734806 0.03325880691409111 -1.0
edge 0.02222282625734806 0.03325880691409111 -1.0 0.028284290805459023 0.028284290805459023 -1.0
edge 0.028284290805459023 0.028284290805459023 1.0 0.02222282625734806 0.03325880691409111 1.0
edge 0.028284290805459023 0.028284290805459023 1.0 0.028284290805459023 0.028284290805459023 -1.0
edge 0.028284290805459023 0.028284290805459023 -1.0 0.03325880691409111 0.02222282625734806 -1.0
edge 0.03325880691409111 0.02222282625734806 1.0 0.028284290805459023 0.028284290805459023 1.0
edge 0.03325880691409111 0.02222282625734806 1.0 0.03325880691409111 0.02222282625734806 -1.0
edge 0.03325880691409111 0.02222282625734806 -1.0 0.03695520758628845 0.015307349152863026 -1.0
edge 0.03695520758628845 0.015307349152863026 1.0 0.03325880691409111 0.02222282625734806 1.0
edge 0.03695520758628845 0.015307349152863026 1.0 0.03695520758628845 0.015307349152863026 -1.0
edge 0.03695520758628845 0.015307349152863026 -1.0 0.03923143818974495 0.0078036184422671795 -1.0
edge 0.03923143818974495 0.0078036184422671795 1.0 0.03695520758628845 0.015307349152863026 1.0
edge 0.03923143818974495 0.0078036184422671795 1.0 0.03923143818974495 0.0078036184422671795 -1.0
edge 0.03923143818974495 0.0078036184422671795 -1.0 0.040000028908252716 0.0 -1.0
edge 0.040000028908252716 0.0 1.0 0.03923143818974495 0.0078036184422671795 1.0
edge 0.040000028908252716 0.0 1.0 0.040000028908252716 0.0 -1.0
edge 0.040000028908252716 0.0 -1.0 0.03923143818974495 -0.0078036184422671795 -1.0
edge 0.03923143818974495 -0.0078036184422671795 1.0 0.040000028908252716 0.0 1.0
edge 0.03923143818974495 -0.0078036184422671795 1.0 0.03923143818974495 -0.0078036184422671795 -1.0
edge 0.03923143818974495 -0.0078036184422671795 -1.0 0.03695520758628845 -0.015307349152863026 -1.0
edge 0.03695520758628845 -0.015307349152863026 1.0 0.03923143818974495 -0.0078036184422671795 1.0
edge 0.03695520758628845 -0.015307349152863026 1.0 0.03695520758628845 -0.015307349152863026 -1.0
edge 0.03695520758628845 -0.015307349152863026 -1.0 0.03325880691409111 -0.02222282625734806 -1.0
edge 0.03325880691409111 -0.02222282625734806 1.0 0.03695520758628845 -0.015307349152863026 1.0
edge 0.03325880691409111 -0.02222282625734806 1.0 0.03325880691409111 -0.02222282625734806 -1.0
edge 0.03325880691409111 -0.02222282625734806 -1.0 0.028284290805459023 -0.028284290805459023 -1.0
edge 0.028284290805459023 -0.028284290805459023 1.0 0.03325880691409111 -0.02222282625734806 1.0
edge 0.028284290805459023 -0.028284290805459023 1.0 0.028284290805459023 -0.028284290805459023 -1.0
edge 0.028284290805459023 -0.028284290805459023 -1.0 0.02222282625734806 -0.03325880691409111 -1.0
edge 0.02222282625734806 -0.03325880691409111 1.0 0.028284290805459023 -0.028284290805459023 1.0
edge 0.02222282625734806 -0.03325880691409111 1.0 0.02222282625734806 -0.03325880691409111 -1.0
edge 0.02222282625734806 -0.03325880691409111 -1.0 0.015307349152863026 -0.03695520758628845 -1.0
edge 0.015307349152863026 -0.03695520758628845 1.0 0.02222282625734806 -0.03325880691409111 1.0
edge 0.015307349152863026 -0.03695520758628845 1.0 0.015307349152863026 -0.03695520758628845 -1.0
edge 0.015307349152863026 -0.03695520758628845 -1.0 0.0078036184422671795 -0.03923143818974495 -1.0
edge 0.0078036184422671795 -0.03923143818974495 1.0 0.015307349152863026 -0.03695520758628845 1.0
edge 0.0078036184422671795 -0.03923143818974495 1.0 0.0078036184422671795 -0.03923143818974495 -1.0
edge 0.0078036184422671795 -0.03923143818974495 -1.0 0.0 -0.040000028908252716 -1.0
edge 0.0 -0.040000028908252716 1.0 0.0078036184422671795 -0.03923143818974495 1.0
edge 0.0 -0.040000028908252716 1.0 0.0 -0.040000028908252716 -1.0
edge 0.0 -0.040000028908252716 -1.0 -0.0078036184422671795 -0.03923143818974495 -1.0
edge -0.0078036184422671795 -0.03923143818974495 1.0 0.0 -0.040000028908252716 1.0
edge -0.0078036184422671795 -0.03923143818974495 1.0 -0.0078036184422671795 -0.03923143818974495 -1.0
edge -0.0078036184422671795 -0.03923143818974495 -1.0 -0.015307349152863026 -0.03695520758628845 -1.0
edge -0.015307349152863026 -0.03695520758628845 1.0 -0.0078036184422671795 -0.03923143818974495 1.0
edge -0.015307349152863026 -0.03695520758628845 1.0 -0.015307349152863026 -0.03695520758628845 -1.0
edge -0.015307349152863026 -0.03695520758628845 -1.0 -0.02222282625734806 -0.03325880691409111 -1.0
edge -0.02222282625734806 -0.03325880691409111 1.0 -0.015307349152863026 -0.03695520758628845 1.0
edge -0.02222282625734806 -0.03325880691409111 1.0 -0.02222282625734806 -0.03325880691409111 -1.0
edge -0.02222282625734806 -0.03325880691409111 -1.0 -0.028284290805459023 -0.028284290805459023 -1.0
edge -0.028284290805459023 -0.028284290805459023 1.0 -0.02222282625734806 -0.03325880691409111 1.0
edge -0.028284290805459023 -0.028284290805459023 1.0 -0.028284290805459023 -0.028284290805459023 -1.0
edge -0.028284290805459023 -0.028284290805459023 -1.0 -0.03325880691409111 -0.02222282625734806 -1.0
edge -0.03325880691409111 -0.02222282625734806 1.0 -0.028284290805459023 -0.028284290805459023 1.0
edge -0.03325880691409111 -0.02222282625734806 1.0 -0.03325880691409111 -0.02222282625734806 -1.0
edge -0.03325880691409111 -0.02222282625734806 -1.0 -0.03695520758628845 -0.015307349152863026 -1.0
edge -0.03695520758628845 -0.015307349152863026 1.0 -0.03325880691409111 -0.02222282625734806 1.0
edge -0.03695520758628845 -0.015307349152863026 1.0 -0.03695520758628845 -0.015307349152863026 -1.0
edge -0.03695520758628845 -0.015307349152863026 -1.0 -0.03923143818974495 -0.0078036184422671795 -1.0
edge -0.03923143818974495 -0.0078036184422671795 1.0 -0.03695520758628845 -0.015307349152863026 1.0
edge -0.03923143818974495 -0.0078036184422671795 1.0 -0.03923143818974495 -0.0078036184422671795 -1.0
edge -0.03923143818974495 -0.0078036184422671795 -1.0 -0.040000028908252716 0.0 -1.0
edge -0.040000028908252716 0.0 1.0 -0.03923143818974495 -0.0078036184422671795 1.0
edge -0.040000028908252716 0.0 1.0 -0.040000028908252716 0.0 -1.0
edge -0.040000028908252716 0.0 -1.0 -0.03923143818974495 0.0078036184422671795 -1.0
edge -0.03923143818974495 0.0078036184422671795 1.0 -0.040000028908252716 0.0 1.0
edge -0.03923143818974495 0.0078036184422671795 1.0 -0.03923143818974495 0.0078036184422671795 -1.0
edge -0.03923143818974495 0.0078036184422671795 -1.0 -0.03695520758628845 0.015307349152863026 -1.0
edge -0.03695520758628845 0.015307349152863026 1.0 -0.03923143818974495 0.0078036184422671795 1.0
edge -0.03695520758628845 0.015307349152863026 1.0 -0.03695520758628845 0.015307349152863026 -1.0
edge -0.03695520758628845 0.015307349152863026 -1.0 -0.03325880691409111 0.02222282625734806 -1.0
edge -0.03325880691409111 0.02222282625734806 1.0 -0.03695520758628845 0.015307349152863026 1.0
edge -0.03325880691409111 0.02222282625734806 1.0 -0.03325880691409111 0.02222282625734806 -1.0
edge -0.03325880691409111 0.02222282625734806 -1.0 -0.028284290805459023 0.028284290805459023 -1.0
edge -0.028284290805459023 0.028284290805459023 1.0 -0.03325880691409111 0.02222282625734806 1.0
edge -0.028284290805459023 0.028284290805459023 1.0 -0.028284290805459023 0.028284290805459023 -1.0
edge -0.028284290805459023 0.028284290805459023 -1.0 -0.02222282625734806 0.03325880691409111 -1.0
edge -0.02222282625734806 0.03325880691409111 1.0 -0.028284290805459023 0.028284290805459023 1.0
edge -0.02222282625734806 0.03325880691409111 1.0 -0.02222282625734806 0.03325880691409111 -1.0
edge -0.02222282625734806 0.03325880691409111 -1.0 -0.015307349152863026 0.03695520758628845 -1.0
edge -0.015307349152863026 0.03695520758628845 1.0 -0.02222282625734806 0.03325880691409111 1.0
edge -0.015307349152863026 0.03695520758628845 1.0 -0.015307349152863026 0.03695520758628845 -1.0
edge -0.015307349152863026 0.03695520758628845 -1.0 -0.0078036184422671795 0.03923143818974495 -1.0
edge -0.0078036184422671795 0.03923143818974495 1.0 -0.015307349152863026 0.03695520758628845 1.0
edge -0.0078036184422671795 0.03923143818974495 1.0 -0.0078036184422671795 0.03923143818974495 -1.0
edge -0.0078036184422671795 0.03923143818974495 -1.0 0.0 0.040000028908252716 -1.0
edge 0.0 0.040000028908252716 1.0 -0.0078036184422671795 0.03923143818974495 1.0
edge 0.0078036184422671795 0.03923143818974495 -1.0 0.0 0.040000028908252716 1.0
edge 0.015307349152863026 0.03695520758628845 -1.0 0.0078036184422671795 0.03923143818974495 1.0
edge 0.02222282625734806 0.03325880691409111 -1.0 0.015307349152863026 0.03695520758628845 1.0
edge 0.028284290805459023 0.028284290805459023 -1.0 0.02222282625734806 0.03325880691409111 1.0
edge 0.03325880691409111 0.02222282625734806 -1.0 0.028284290805459023 0.028284290805459023 1.0
edge 0.03695520758628845 0.015307349152863026 -1.0 0.03325880691409111 0.02222282625734806 1.0
edge 0.03923143818974495 0.0078036184422671795 -1.0 0.03695520758628845 0.015307349152863026 1.0
edge 0.040000028908252716 0.0 -1.0 0.03923143818974495 0.0078036184422671795 1.0
edge 0.03923143818974495 -0.0078036184422671795 -1.0 0.040000028908252716 0.0 1.0
edge 0.03695520758628845 -0.015307349152863026 -1.0 0.03923143818974495 -0.0078036184422671795 1.0
edge 0.03325880691409111 -0.02222282625734806 -1.0 0.03695520758628845 -0.015307349152863026 1.0
edge 0.028284290805459023 -0.028284290805459023 -1.0 0.03325880691409111 -0.02222282625734806 1.0
edge 0.02222282625734806 -0.03325880691409111 -1.0 0.028284290805459023 -0.028284290805459023 1.0
edge 0.015307349152863026 -0.03695520758628845 -1.0 0.02222282625734806 -0.03325880691409111 1.0
edge 0.0078036184422671795 -0.03923143818974495 -1.0 0.015307349152863026 -0.03695520758628845 1.0
edge 0.0 -0.040000028908252716 -1.0 0.0078036184422671795 -0.03923143818974495 1.0
edge -0.0078036184422671795 -0.03923143818974495 -1.0 0.0 -0.040000028908252716 1.0
edge -0.015307349152863026 -0.03695520758628845 -1.0 -0.0078036184422671795 -0.03923143818974495 1.0
edge -0.02222282625734806 -0.03325880691409111 -1.0 -0.015307349152863026 -0.03695520758628845 1.0
edge -0.028284290805459023 -0.028284290805459023 -1.0 -0.02222282625734806 -0.03325880691409111 1.0
edge -0.03325880691409111 -0.02222282625734806 -1.0 -0.028284290805459023 -0.028284290805459023 1.0
edge -0.03695520758628845 -0.015307349152863026 -1.0 -0.03325880691409111 -0.02222282625734806 1.0
edge -0.03923143818974495 -0.0078036184422671795 -1.0 -0.03695520758628845 -0.015307349152863026 1.0
edge -0.040000028908252716 0.0 -1.0 -0.03923143818974495 -0.0078036184422671795 1.0
edge -0.03923143818974495 0.0078036184422671795 -1.0 -0.040000028908252716 0.0 1.0
edge -0.03695520758628845 0.015307349152863026 -1.0 -0.03923143818974495 0.0078036184422671795 1.0
edge -0.03325880691409111 0.02222282625734806 -1.0 -0.03695520758628845 0.015307349152863026 1.0
edge -0.028284290805459023 0.028284290805459023 -1.0 -0.03325880691409111 0.02222282625734806 1.0
edge -0.02222282625734806 0.03325880691409111 -1.0 -0.028284290805459023 0.028284290805459023 1.0
edge -0.015307349152863026 0.03695520758628845 -1.0 -0.02222282625734806 0.03325880691409111 1.0
edge 0.0 0.040000028908252716 1.0 0.015307349152863026 0.03695520758628845 1.0
edge -0.0078036184422671795 0.03923143818974495 1.0 0.015307349152863026 0.03695520758628845 1.0
edge -0.015307349152863026 0.03695520758628845 1.0 0.015307349152863026 0.03695520758628845 1.0
edge -0.028284290805459023 0.028284290805459023 1.0 -0.015307349152863026 0.03695520758628845 1.0
edge -0.03695520758628845 0.015307349152863026 1.0 -0.028284290805459023 0.028284290805459023 1.0
edge -0.040000028908252716 0.0 1.0 -0.03695520758628845 0.015307349152863026 1.0
edge -0.03923143818974495 -0.0078036184422671795 1.0 -0.03695520758628845 0.015307349152863026 1.0
edge -0.03695520758628845 -0.015307349152863026 1.0 -0.03695520758628845 0.015307349152863026 1.0
edge -0.028284290805459023 -0.028284290805459023 1.0 -0.03695520758628845 -0.015307349152863026 1.0
edge -0.015307349152863026 -0.03695520758628845 1.0 -0.028284290805459023 -0.028284290805459023 1.0
edge 0.0 -0.040000028908252716 1.0 -0.015307349152863026 -0.03695520758628845 1.0
edge 0.0078036184422671795 -0.03923143818974495 1.0 -0.015307349152863026 -0.03695520758628845 1.0
edge 0.015307349152863026 -0.03695520758628845 1.0 -0.015307349152863026 -0.03695520758628845 1.0
edge 0.028284290805459023 -0.028284290805459023 1.0 0.015307349152863026 -0.03695520758628845 1.0
edge 0.03695520758628845 -0.015307349152863026 1.0 0.028284290805459023 -0.028284290805459023 1.0
edge 0.040000028908252716 0.0 1.0 0.03695520758628845 -0.015307349152863026 1.0
edge 0.03923143818974495 0.0078036184422671795 1.0 0.03695520758628845 -0.015307349152863026 1.0
edge 0.03695520758628845 0.015307349152863026 1.0 0.03695520758628845 -0.015307349152863026 1.0
edge 0.028284290805459023 0.028284290805459023 1.0 0.03695520758628845 0.015307349152863026 1.0
edge 0.015307349152863026 0.03695520758628845 1.0 0.028284290805459023 0.028284290805459023 1.0
edge -0.028284290805459023 0.028284290805459023 1.0 0.015307349152863026 0.03695520758628845 1.0
edge -0.03695520758628845 0.015307349152863026 1.0 0.015307349152863026 0.03695520758628845 1.0
edge -0.028284290805459023 -0.028284290805459023 1.0 -0.03695520758628845 0.015307349152863026 1.0
edge -0.015307349152863026 -0.03695520758628845 1.0 -0.03695520758628845 0.015307349152863026 1.0
edge 0.028284290805459023 -0.028284290805459023 1.0 -0.015307349152863026 -0.03695520758628845 1.0
edge 0.03695520758628845 -0.015307349152863026 1.0 -0.015307349152863026 -0.03695520758628845 1.0
edge 0.028284290805459023 0.028284290805459023 1.0 0.03695520758628845 -0.015307349152863026 1.0
edge 0.015307349152863026 0.03695520758628845 1.0 0.03695520758628845 -0.015307349152863026 1.0
edge -0.015307349152863026 -0.03695520758628845 1.0 0.015307349152863026 0.03695520758628845 1.0
edge -0.0078036184422671795 0.03923143818974495 -1.0 -0.015307349152863026 0.03695520758628845 1.0
edge 0.0 0.040000028908252716 -1.0 -0.0078036184422671795 0.03923143818974495 1.0
edge 0.0078036184422671795 0.03923143818974495 -1.0 -0.0078036184422671795 0.03923143818974495 -1.0
edge 0.02222282625734806 0.03325880691409111 -1.0 0.0078036184422671795 0.03923143818974495 -1.0
edge 0.03923143818974495 0.0078036184422671795 -1.0 0.02222282625734806 0.03325880691409111 -1.0
edge 0.028284290805459023 0.028284290805459023 -1.0 0.03923143818974495 0.0078036184422671795 -1.0
edge 0.03325880691409111 0.02222282625734806 -1.0 0.03923143818974495 0.0078036184422671795 -1.0
edge 0.03923143818974495 -0.0078036184422671795 -1.0 0.03923143818974495 0.0078036184422671795 -1.0
edge 0.03325880691409111 -0.02222282625734806 -1.0 0.03923143818974495 -0.0078036184422671795 -1.0
edge 0.02222282625734806 -0.03325880691409111 -1.0 0.03325880691409111 -0.02222282625734806 -1.0
edge 0.0078036184422671795 -0.03923143818974495 -1.0 0.02222282625734806 -0.03325880691409111 -1.0
edge -0.0078036184422671795 -0.03923143818974495 -1.0 0.0078036184422671795 -0.03923143818974495 -1.0
edge -0.02222282625734806 -0.03325880691409111 -1.0 -0.0078036184422671795 -0.03923143818974495 -1.0
edge -0.03923143818974495 -0.0078036184422671795 -1.0 -0.02222282625734806 -0.03325880691409111 -1.0
edge -0.028284290805459023 -0.028284290805459023 -1.0 -0.03923143818974495 -0.0078036184422671795 -1.0
edge -0.03325880691409111 -0.02222282625734806 -1.0 -0.03923143818974495 -0.0078036184422671795 -1.0
edge -0.03923143818974495 0.0078036184422671795 -1.0 -0.03923143818974495 -0.0078036184422671795 -1.0
edge -0.03325880691409111 0.02222282625734806 -1.0 -0.03923143818974495 0.0078036184422671795 -1.0
edge -0.02222282625734806 0.03325880691409111 -1.0 -0.03325880691409111 0.02222282625734806 -1.0
edge -0.0078036184422671795 0.03923143818974495 -1.0 -0.02222282625734806 0.03325880691409111 -1.0
edge 0.03923143818974495 0.0078036184422671795 -1.0 -0.0078036184422671795 0.03923143818974495 -1.0
edge 0.0078036184422671795 0.03923143818974495 -1.0 0.03923143818974495 0.0078036184422671795 -1.0
edge 0.03325880691409111 -0.02222282625734806 -1.0 0.03923143818974495 0.0078036184422671795 -1.0
edge 0.02222282625734806 -0.03325880691409111 -1.0 0.03923143818974495 0.0078036184422671795 -1.0
edge 0.0078036184422671795 -0.03923143818974495 -1.0 0.03923143818974495 0.0078036184422671795 -1.0
edge -0.03923143818974495 -0.0078036184422671795 -1.0 0.0078036184422671795 -0.03923143818974495 -1.0
edge -0.0078036184422671795 -0.03923143818974495 -1.0 -0.03923143818974495 -0.0078036184422671795 -1.0
edge -0.03325880691409111 0.02222282625734806 -1.0 -0.03923143818974495 -0.0078036184422671795 -1.0
edge -0.02222282625734806 0.03325880691409111 -1.0 -0.03923143818974495 -0.0078036184422671795 -1.0
edge -0.0078036184422671795 0.03923143818974495 -1.0 -0.03923143818974495 -0.0078036184422671795 -1.0
edge 0.0078036184422671795 -0.03923143818974495 -1.0 -0.0078036184422671795 0.03923143818974495 -1.0
