vertex 1 -1.0 -1.0 1.0 0.6666666666666666 0.0 -1.0 0.0 0.0
vertex 2 -1.0 1.0 -1.0 0.3333333333333333 0.25 -1.0 0.0 0.0
vertex 0 -1.0 -1.0 -1.0 0.3333333333333333 0.0 -1.0 0.0 0.0
vertex 3 -1.0 1.0 1.0 0.6666666666666666 0.25 0.0 1.0 -0.0
vertex 6 1.0 1.0 -1.0 0.3333333333333333 0.5 0.0 1.0 -0.0
vertex 2 -1.0 1.0 -1.0 0.3333333333333333 0.25 0.0 1.0 -0.0
vertex 7 1.0 1.0 1.0 0.6666666666666666 0.5 1.0 0.0 -0.0
vertex 4 1.0 -1.0 -1.0 0.3333333333333333 0.75 1.0 0.0 -0.0
vertex 6 1.0 1.0 -1.0 0.3333333333333333 0.5 1.0 0.0 -0.0
vertex 5 1.0 -1.0 1.0 0.6666666666666666 0.75 0.0 -1.0 0.0
vertex 0 -1.0 -1.0 -1.0 0.3333333333333333 1.0 0.0 -1.0 0.0
vertex 4 1.0 -1.0 -1.0 0.3333333333333333 0.75 0.0 -1.0 0.0
vertex 6 1.0 1.0 -1.0 0.3333333333333333 0.5 0.0 0.0 -1.0
vertex 0 -1.0 -1.0 -1.0 0.0 0.75 0.0 0.0 -1.0
vertex 2 -1.0 1.0 -1.0 0.0 0.5 0.0 0.0 -1.0
vertex 3 -1.0 1.0 1.0 1.0 0.5 0.0 0.0 1.0
vertex 5 1.0 -1.0 1.0 0.6666666666666666 0.75 0.0 0.0 1.0
vertex 7 1.0 1.0 1.0 0.6666666666666666 0.5 0.0 0.0 1.0
vertex 1 -1.0 -1.0 1.0 0.6666666666666666 0.0 -1.0 0.0 0.0
vertex 3 -1.0 1.0 1.0 0.6666666666666666 0.25 -1.0 0.0 0.0
vertex 2 -1.0 1.0 -1.0 0.3333333333333333 0.25 -1.0 0.0 0.0
vertex 3 -1.0 1.0 1.0 0.6666666666666666 0.25 0.0 1.0 -0.0
vertex 7 1.0 1.0 1.0 0.6666666666666666 0.5 0.0 1.0 -0.0
vertex 6 1.0 1.0 -1.0 0.3333333333333333 0.5 0.0 1.0 -0.0
vertex 7 1.0 1.0 1.0 0.6666666666666666 0.5 1.0 0.0 0.0
vertex 5 1.0 -1.0 1.0 0.6666666666666666 0.75 1.0 0.0 0.0
vertex 4 1.0 -1.0 -1.0 0.3333333333333333 0.75 1.0 0.0 0.0
vertex 5 1.0 -1.0 1.0 0.6666666666666666 0.75 0.0 -1.0 0.0
vertex 1 -1.0 -1.0 1.0 0.6666666666666666 1.0 0.0 -1.0 0.0
vertex 0 -1.0 -1.0 -1.0 0.3333333333333333 1.0 0.0 -1.0 0.0
vertex 6 1.0 1.0 -1.0 0.3333333333333333 0.5 0.0 0.0 -1.0
vertex 4 1.0 -1.0 -1.0 0.3333333333333333 0.75 0.0 0.0 -1.0
vertex 0 -1.0 -1.0 -1.0 0.0 0.75 0.0 0.0 -1.0
vertex 3 -1.0 1.0 1.0 1.0 0.5 0.0 -0.0 1.0
vertex 1 -1.0 -1.0 1.0 1.0 0.75 0.0 -0.0 1.0
vertex 5 1.0 -1.0 1.0 0.6666666666666666 0.75 0.0 -0.0 1.0
edge -1.0 1.0 -1.0 -1.0 -1.0 -1.0
edge -1.0 -1.0 -1.0 -1.0 -1.0 1.0
edge -1.0 -1.0 1.0 -1.0 1.0 1.0
edge -1.0 1.0 1.0 -1.0 1.0 -1.0
edge 1.0 1.0 -1.0 -1.0 1.0 -1.0
edge -1.0 1.0 1.0 1.0 1.0 1.0
edge 1.0 1.0 1.0 1.0 1.0 -1.0
edge 1.0 -1.0 -1.0 1.0 1.0 -1.0
edge 1.0 1.0 1.0 1.0 -1.0 1.0
edge 1.0 -1.0 1.0 1.0 -1.0 -1.0
edge -1.0 -1.0 -1.0 1.0 -1.0 -1.0
edge 1.0 -1.0 1.0 -1.0 -1.0 1.0
edge -1.0 1.0 -1.0 -1.0 -1.0 1.0
edge 1.0 1.0 -1.0 -1.0 1.0 1.0
edge 1.0 -1.0 -1.0 1.0 1.0 1.0
edge -1.0 -1.0 -1.0 1.0 -1.0 1.0
edge -1.0 -1.0 -1.0 1.0 1.0 -1.0
edge 1.0 -1.0 1.0 -1.0 1.0 1.0
