vertex 0 0.0 0.0 -1.0 0.18181900680065155 0.0 0.18759655952453613 -0.5773536562919617 -0.7946510910987854
vertex 1 0.7235999703407288 -0.5257200002670288 -0.4472149908542633 0.27272799611091614 0.33333403783222115 0.18759655952453613 -0.5773536562919617 -0.7946510910987854
vertex 2 -0.27638500928878784 -0.8506399989128113 -0.4472149908542633 0.09091000258922577 0.33333403783222115 0.18759655952453613 -0.5773536562919617 -0.7946510910987854
vertex 1 0.7235999703407288 -0.5257200002670288 -0.4472149908542633 0.27272799611091614 0.33333403783222115 0.6070647239685059 0.0 -0.7946524024009705
vertex 0 0.0 0.0 -1.0 0.3636370003223419 0.0 0.6070647239685059 0.0 -0.7946524024009705
vertex 5 0.7235999703407288 0.5257200002670288 -0.4472149908542633 0.4545460045337677 0.33333403783222115 0.6070647239685059 0.0 -0.7946524024009705
vertex 0 0.0 0.0 -1.0 0.9090909957885742 0.0 -0.4911220669746399 -0.35682904720306396 -0.7946522235870361
vertex 2 -0.27638500928878784 -0.8506399989128113 -0.4472149908542633 1.0 0.33333403783222115 -0.4911220669746399 -0.35682904720306396 -0.7946522235870361
vertex 3 -0.8944249749183655 0.0 -0.4472149908542633 0.8181819915771484 0.33333403783222115 -0.4911220669746399 -0.35682904720306396 -0.7946522235870361
vertex 0 0.0 0.0 -1.0 0.7272729873657227 0.0 -0.4911220669746399 0.35682904720306396 -0.7946522235870361
vertex 3 -0.8944249749183655 0.0 -0.4472149908542633 0.8181819915771484 0.33333403783222115 -0.4911220669746399 0.35682904720306396 -0.7946522235870361
vertex 4 -0.27638500928878784 0.8506399989128113 -0.4472149908542633 0.6363639831542969 0.33333403783222115 -0.4911220669746399 0.35682904720306396 -0.7946522235870361
vertex 0 0.0 0.0 -1.0 0.5454549789428711 0.0 0.18759655952453613 0.5773536562919617 -0.7946510910987854
vertex 4 -0.27638500928878784 0.8506399989128113 -0.4472149908542633 0.6363639831542969 0.33333403783222115 0.18759655952453613 0.5773536562919617 -0.7946510910987854
vertex 5 0.7235999703407288 0.5257200002670288 -0.4472149908542633 0.4545460045337677 0.33333403783222115 0.18759655952453613 0.5773536562919617 -0.7946510910987854
vertex 1 0.7235999703407288 -0.5257200002670288 -0.4472149908542633 0.27272799611091614 0.33333403783222115 0.9822461009025574 0.0 -0.18759679794311523
vertex 5 0.7235999703407288 0.5257200002670288 -0.4472149908542633 0.4545460045337677 0.33333403783222115 0.9822461009025574 0.0 -0.18759679794311523
vertex 10 0.8944249749183655 0.0 0.4472149908542633 0.3636370003223419 0.6666659306230525 0.9822461009025574 0.0 -0.18759679794311523
vertex 2 -0.27638500928878784 -0.8506399989128113 -0.4472149908542633 0.09091000258922577 0.33333403783222115 0.3035355508327484 -0.9341715574264526 -0.1875891387462616
vertex 1 0.7235999703407288 -0.5257200002670288 -0.4472149908542633 0.27272799611091614 0.33333403783222115 0.3035355508327484 -0.9341715574264526 -0.1875891387462616
vertex 6 0.27638500928878784 -0.8506399989128113 0.4472149908542633 0.18181900680065155 0.6666659306230525 0.3035355508327484 -0.9341715574264526 -0.1875891387462616
vertex 3 -0.8944249749183655 0.0 -0.4472149908542633 0.8181819915771484 0.33333403783222115 -0.7946491837501526 -0.5773593783378601 -0.1875869482755661
vertex 2 -0.27638500928878784 -0.8506399989128113 -0.4472149908542633 1.0 0.33333403783222115 -0.7946491837501526 -0.5773593783378601 -0.1875869482755661
vertex 7 -0.7235999703407288 -0.5257200002670288 0.4472149908542633 0.9090909957885742 0.6666659306230525 -0.7946491837501526 -0.5773593783378601 -0.1875869482755661
vertex 4 -0.27638500928878784 0.8506399989128113 -0.4472149908542633 0.6363639831542969 0.33333403783222115 -0.7946491837501526 0.5773593783378601 -0.1875869631767273
vertex 3 -0.8944249749183655 0.0 -0.4472149908542633 0.8181819915771484 0.33333403783222115 -0.7946491837501526 0.5773593783378601 -0.1875869631767273
vertex 8 -0.7235999703407288 0.5257200002670288 0.4472149908542633 0.7272729873657227 0.6666659306230525 -0.7946491837501526 0.5773593783378601 -0.1875869631767273
vertex 5 0.7235999703407288 0.5257200002670288 -0.4472149908542633 0.4545460045337677 0.33333403783222115 0.3035355508327484 0.9341715574264526 -0.1875891536474228
vertex 4 -0.27638500928878784 0.8506399989128113 -0.4472149908542633 0.6363639831542969 0.33333403783222115 0.3035355508327484 0.9341715574264526 -0.1875891536474228
vertex 9 0.27638500928878784 0.8506399989128113 0.4472149908542633 0.5454549789428711 0.6666659306230525 0.3035355508327484 0.9341715574264526 -0.1875891536474228
vertex 1 0.7235999703407288 -0.5257200002670288 -0.4472149908542633 0.27272799611091614 0.33333403783222115 0.7946491837501526 -0.5773593783378601 0.1875869631767273
vertex 10 0.8944249749183655 0.0 0.4472149908542633 0.3636370003223419 0.6666659306230525 0.7946491837501526 -0.5773593783378601 0.1875869631767273
vertex 6 0.27638500928878784 -0.8506399989128113 0.4472149908542633 0.18181900680065155 0.6666659306230525 0.7946491837501526 -0.5773593783378601 0.1875869631767273
vertex 2 -0.27638500928878784 -0.8506399989128113 -0.4472149908542633 0.09091000258922577 0.33333403783222115 -0.3035355508327484 -0.9341715574264526 0.1875891536474228
vertex 6 0.27638500928878784 -0.8506399989128113 0.4472149908542633 0.18181900680065155 0.6666659306230525 -0.3035355508327484 -0.9341715574264526 0.1875891536474228
vertex 7 -0.7235999703407288 -0.5257200002670288 0.4472149908542633 0.0 0.6666659306230525 -0.3035355508327484 -0.9341715574264526 0.1875891536474228
vertex 3 -0.8944249749183655 0.0 -0.4472149908542633 0.8181819915771484 0.33333403783222115 -0.9822461009025574 0.0 0.18759679794311523
vertex 7 -0.7235999703407288 -0.5257200002670288 0.4472149908542633 0.9090909957885742 0.6666659306230525 -0.9822461009025574 0.0 0.18759679794311523
vertex 8 -0.7235999703407288 0.5257200002670288 0.4472149908542633 0.7272729873657227 0.6666659306230525 -0.9822461009025574 0.0 0.18759679794311523
vertex 4 -0.27638500928878784 0.8506399989128113 -0.4472149908542633 0.6363639831542969 0.33333403783222115 -0.3035355508327484 0.9341715574264526 0.1875891387462616
vertex 8 -0.7235999703407288 0.5257200002670288 0.4472149908542633 0.7272729873657227 0.6666659306230525 -0.3035355508327484 0.9341715574264526 0.1875891387462616
vertex 9 0.27638500928878784 0.8506399989128113 0.4472149908542633 0.5454549789428711 0.6666659306230525 -0.3035355508327484 0.9341715574264526 0.1875891387462616
vertex 5 0.7235999703407288 0.5257200002670288 -0.4472149908542633 0.4545460045337677 0.33333403783222115 0.7946491837501526 0.5773593783378601 0.1875869482755661
vertex 9 0.27638500928878784 0.8506399989128113 0.4472149908542633 0.5454549789428711 0.6666659306230525 0.7946491837501526 0.5773593783378601 0.1875869482755661
vertex 10 0.8944249749183655 0.0 0.4472149908542633 0.3636370003223419 0.6666659306230525 0.7946491837501526 0.5773593783378601 0.1875869482755661
vertex 6 0.27638500928878784 -0.8506399989128113 0.4472149908542633 0.18181900680065155 0.6666659306230525 0.4911220669746399 -0.35682904720306396 0.7946522235870361
vertex 10 0.8944249749183655 0.0 0.4472149908542633 0.3636370003223419 0.6666659306230525 0.4911220669746399 -0.35682904720306396 0.7946522235870361
vertex 11 0.0 0.0 1.0 0.27272799611091614 1.0 0.4911220669746399 -0.35682904720306396 0.7946522235870361
vertex 7 -0.7235999703407288 -0.5257200002670288 0.4472149908542633 0.0 0.6666659306230525 -0.18759655952453613 -0.5773536562919617 0.7946510910987854
vertex 6 0.27638500928878784 -0.8506399989128113 0.4472149908542633 0.18181900680065155 0.6666659306230525 -0.18759655952453613 -0.5773536562919617 0.7946510910987854
vertex 11 0.0 0.0 1.0 0.09091000258922577 1.0 -0.18759655952453613 -0.5773536562919617 0.7946510910987854
vertex 8 -0.7235999703407288 0.5257200002670288 0.4472149908542633 0.7272729873657227 0.6666659306230525 -0.6070647239685059 0.0 0.7946524024009705
vertex 7 -0.7235999703407288 -0.5257200002670288 0.4472149908542633 0.9090909957885742 0.6666659306230525 -0.6070647239685059 0.0 0.7946524024009705
vertex 11 0.0 0.0 1.0 0.8181819915771484 1.0 -0.6070647239685059 0.0 0.7946524024009705
vertex 9 0.27638500928878784 0.8506399989128113 0.4472149908542633 0.5454549789428711 0.6666659306230525 -0.18759655952453613 0.5773536562919617 0.7946510910987854
vertex 8 -0.7235999703407288 0.5257200002670288 0.4472149908542633 0.7272729873657227 0.6666659306230525 -0.18759655952453613 0.5773536562919617 0.7946510910987854
vertex 11 0.0 0.0 1.0 0.6363639831542969 1.0 -0.18759655952453613 0.5773536562919617 0.7946510910987854
vertex 10 0.8944249749183655 0.0 0.4472149908542633 0.3636370003223419 0.6666659306230525 0.4911220669746399 0.35682904720306396 0.7946522235870361
vertex 9 0.27638500928878784 0.8506399989128113 0.4472149908542633 0.5454549789428711 0.6666659306230525 0.4911220669746399 0.35682904720306396 0.7946522235870361
vertex 11 0.0 0.0 1.0 0.4545460045337677 1.0 0.4911220669746399 0.35682904720306396 0.7946522235870361
edge -0.27638500928878784 -0.8506399989128113 -0.4472149908542633 0.0 0.0 -1.0
edge 0.0 0.0 -1.0 0.7235999703407288 -0.5257200002670288 -0.4472149908542633
edge 0.7235999703407288 -0.5257200002670288 -0.4472149908542633 -0.27638500928878784 -0.8506399989128113 -0.4472149908542633
edge 0.7235999703407288 0.5257200002670288 -0.4472149908542633 0.7235999703407288 -0.5257200002670288 -0.4472149908542633
edge 0.0 0.0 -1.0 0.7235999703407288 0.5257200002670288 -0.4472149908542633
edge -0.8944249749183655 0.0 -0.4472149908542633 0.0 0.0 -1.0
edge -0.27638500928878784 -0.8506399989128113 -0.4472149908542633 -0.8944249749183655 0.0 -0.4472149908542633
edge -0.27638500928878784 0.8506399989128113 -0.4472149908542633 0.0 0.0 -1.0
edge -0.8944249749183655 0.0 -0.4472149908542633 -0.27638500928878784 0.8506399989128113 -0.4472149908542633
edge -0.27638500928878784 0.8506399989128113 -0.4472149908542633 0.7235999703407288 0.5257200002670288 -0.4472149908542633
edge 0.8944249749183655 0.0 0.4472149908542633 0.7235999703407288 -0.5257200002670288 -0.4472149908542633
edge 0.7235999703407288 0.5257200002670288 -0.4472149908542633 0.8944249749183655 0.0 0.4472149908542633
edge 0.27638500928878784 -0.8506399989128113 0.4472149908542633 -0.27638500928878784 -0.8506399989128113 -0.4472149908542633
edge 0.7235999703407288 -0.5257200002670288 -0.4472149908542633 0.27638500928878784 -0.8506399989128113 0.4472149908542633
edge -0.7235999703407288 -0.5257200002670288 0.4472149908542633 -0.8944249749183655 0.0 -0.4472149908542633
edge -0.27638500928878784 -0.8506399989128113 -0.4472149908542633 -0.7235999703407288 -0.5257200002670288 0.4472149908542633
edge -0.7235999703407288 0.5257200002670288 0.4472149908542633 -0.27638500928878784 0.8506399989128113 -0.4472149908542633
edge -0.8944249749183655 0.0 -0.4472149908542633 -0.7235999703407288 0.5257200002670288 0.4472149908542633
edge 0.27638500928878784 0.8506399989128113 0.4472149908542633 0.7235999703407288 0.5257200002670288 -0.4472149908542633
edge -0.27638500928878784 0.8506399989128113 -0.4472149908542633 0.27638500928878784 0.8506399989128113 0.4472149908542633
edge 0.8944249749183655 0.0 0.4472149908542633 0.27638500928878784 -0.8506399989128113 0.4472149908542633
edge 0.27638500928878784 -0.8506399989128113 0.4472149908542633 -0.7235999703407288 -0.5257200002670288 0.4472149908542633
edge -0.7235999703407288 -0.5257200002670288 0.4472149908542633 -0.7235999703407288 0.5257200002670288 0.4472149908542633
edge -0.7235999703407288 0.5257200002670288 0.4472149908542633 0.27638500928878784 0.8506399989128113 0.4472149908542633
edge 0.27638500928878784 0.8506399989128113 0.4472149908542633 0.8944249749183655 0.0 0.4472149908542633
edge 0.0 0.0 1.0 0.27638500928878784 -0.8506399989128113 0.4472149908542633
edge 0.8944249749183655 0.0 0.4472149908542633 0.0 0.0 1.0
edge 0.0 0.0 1.0 -0.7235999703407288 -0.5257200002670288 0.4472149908542633
edge 0.0 0.0 1.0 -0.7235999703407288 0.5257200002670288 0.4472149908542633
edge 0.0 0.0 1.0 0.27638500928878784 0.8506399989128113 0.4472149908542633
