vertex 3 1.0 0.0 0.2648822069168091 0.3333333333333333 0.625 1.0 0.0 -0.0
vertex 7 1.0 -4.297682762145996 0.0 0.0 0.75 1.0 0.0 -0.0
vertex 2 1.0 0.0 0.0 0.0 0.625 1.0 0.0 -0.0
vertex 4 1.0 -4.297682762145996 0.2648822069168091 0.3333333333333333 0.75 0.0 -1.0 0.0
vertex 6 -1.0 -4.297682762145996 0.0 0.0 1.0 0.0 -1.0 0.0
vertex 7 1.0 -4.297682762145996 0.0 0.0 0.75 0.0 -1.0 0.0
vertex 5 -1.0 0.0 0.2648822069168091 1.0 0.625 0.0 0.0 1.0
vertex 4 1.0 -4.297682762145996 0.2648822069168091 0.3333333333333333 0.75 0.0 0.0 1.0
vertex 3 1.0 0.0 0.2648822069168091 0.3333333333333333 0.625 0.0 0.0 1.0
vertex 1 -1.0 -4.297682762145996 0.2648822069168091 0.3333333333333333 0.0 -1.0 0.0 0.0
vertex 0 -1.0 0.0 0.0 0.0 0.125 -1.0 0.0 0.0
vertex 6 -1.0 -4.297682762145996 0.0 0.0 0.0 -1.0 0.0 0.0
vertex 11 1.0 4.297682762145996 0.0 0.0 0.75 1.0 -0.0 0.0
vertex 3 1.0 0.0 0.2648822069168091 0.3333333333333333 0.625 1.0 -0.0 0.0
vertex 2 1.0 0.0 0.0 0.0 0.625 1.0 -0.0 0.0
vertex 10 -1.0 4.297682762145996 0.0 0.0 1.0 0.0 1.0 -0.0
vertex 9 1.0 4.297682762145996 0.2648822069168091 0.3333333333333333 0.75 0.0 1.0 -0.0
vertex 11 1.0 4.297682762145996 0.0 0.0 0.75 0.0 1.0 -0.0
vertex 9 1.0 4.297682762145996 0.2648822069168091 0.3333333333333333 0.75 0.0 -0.0 1.0
vertex 5 -1.0 0.0 0.2648822069168091 1.0 0.625 0.0 -0.0 1.0
vertex 3 1.0 0.0 0.2648822069168091 0.3333333333333333 0.625 0.0 -0.0 1.0
vertex 0 -1.0 0.0 0.0 0.0 0.125 -1.0 -0.0 0.0
vertex 8 -1.0 4.297682762145996 0.2648822069168091 0.3333333333333333 0.0 -1.0 -0.0 0.0
vertex 10 -1.0 4.297682762145996 0.0 0.0 0.0 -1.0 -0.0 0.0
vertex 7 1.0 -4.297682762145996 0.0 0.0 0.75 1.0 0.0 0.0
vertex 13 1.0 0.0 -0.2648822069168091 0.3333333333333333 0.625 1.0 0.0 0.0
vertex 2 1.0 0.0 0.0 0.0 0.625 1.0 0.0 0.0
vertex 6 -1.0 -4.297682762145996 0.0 0.0 1.0 -0.0 -1.0 -0.0
vertex 14 1.0 -4.297682762145996 -0.2648822069168091 0.3333333333333333 0.75 -0.0 -1.0 -0.0
vertex 7 1.0 -4.297682762145996 0.0 0.0 0.75 -0.0 -1.0 -0.0
vertex 14 1.0 -4.297682762145996 -0.2648822069168091 0.3333333333333333 0.75 -0.0 -0.0 -1.0
vertex 15 -1.0 0.0 -0.2648822069168091 1.0 0.625 -0.0 -0.0 -1.0
vertex 13 1.0 0.0 -0.2648822069168091 0.3333333333333333 0.625 -0.0 -0.0 -1.0
vertex 0 -1.0 0.0 0.0 0.0 0.125 -1.0 0.0 0.0
vertex 12 -1.0 -4.297682762145996 -0.2648822069168091 0.3333333333333333 0.0 -1.0 0.0 0.0
vertex 6 -1.0 -4.297682762145996 0.0 0.0 0.0 -1.0 0.0 0.0
vertex 13 1.0 0.0 -0.2648822069168091 0.3333333333333333 0.625 1.0 -0.0 0.0
vertex 11 1.0 4.297682762145996 0.0 0.0 0.75 1.0 -0.0 0.0
vertex 2 1.0 0.0 0.0 0.0 0.625 1.0 -0.0 0.0
vertex 17 1.0 4.297682762145996 -0.2648822069168091 0.3333333333333333 0.75 0.0 1.0 0.0
vertex 10 -1.0 4.297682762145996 0.0 0.0 1.0 0.0 1.0 0.0
vertex 11 1.0 4.297682762145996 0.0 0.0 0.75 0.0 1.0 0.0
vertex 15 -1.0 0.0 -0.2648822069168091 1.0 0.625 -0.0 0.0 -1.0
vertex 17 1.0 4.297682762145996 -0.2648822069168091 0.3333333333333333 0.75 -0.0 0.0 -1.0
vertex 13 1.0 0.0 -0.2648822069168091 0.3333333333333333 0.625 -0.0 0.0 -1.0
vertex 16 -1.0 4.297682762145996 -0.2648822069168091 0.3333333333333333 0.0 -1.0 -0.0 -0.0
vertex 0 -1.0 0.0 0.0 0.0 0.125 -1.0 -0.0 -0.0
vertex 10 -1.0 4.297682762145996 0.0 0.0 0.0 -1.0 -0.0 -0.0
vertex 3 1.0 0.0 0.2648822069168091 0.3333333333333333 0.625 1.0 0.0 0.0
vertex 4 1.0 -4.297682762145996 0.2648822069168091 0.3333333333333333 0.75 1.0 0.0 0.0
vertex 7 1.0 -4.297682762145996 0.0 0.0 0.75 1.0 0.0 0.0
vertex 4 1.0 -4.297682762145996 0.2648822069168091 0.3333333333333333 0.75 0.0 -1.0 0.0
vertex 1 -1.0 -4.297682762145996 0.2648822069168091 0.3333333333333333 1.0 0.0 -1.0 0.0
vertex 6 -1.0 -4.297682762145996 0.0 0.0 1.0 0.0 -1.0 0.0
vertex 5 -1.0 0.0 0.2648822069168091 1.0 0.625 0.0 -0.0 1.0
vertex 1 -1.0 -4.297682762145996 0.2648822069168091 1.0 0.75 0.0 -0.0 1.0
vertex 4 1.0 -4.297682762145996 0.2648822069168091 0.3333333333333333 0.75 0.0 -0.0 1.0
vertex 1 -1.0 -4.297682762145996 0.2648822069168091 0.3333333333333333 0.0 -1.0 0.0 0.0
vertex 5 -1.0 0.0 0.2648822069168091 0.3333333333333333 0.125 -1.0 0.0 0.0
vertex 0 -1.0 0.0 0.0 0.0 0.125 -1.0 0.0 0.0
vertex 11 1.0 4.297682762145996 0.0 0.0 0.75 1.0 -0.0 0.0
vertex 9 1.0 4.297682762145996 0.2648822069168091 0.3333333333333333 0.75 1.0 -0.0 0.0
vertex 3 1.0 0.0 0.2648822069168091 0.3333333333333333 0.625 1.0 -0.0 0.0
vertex 10 -1.0 4.297682762145996 0.0 0.0 1.0 0.0 1.0 0.0
vertex 8 -1.0 4.297682762145996 0.2648822069168091 0.3333333333333333 1.0 0.0 1.0 0.0
vertex 9 1.0 4.297682762145996 0.2648822069168091 0.3333333333333333 0.75 0.0 1.0 0.0
vertex 9 1.0 4.297682762145996 0.2648822069168091 0.3333333333333333 0.75 0.0 0.0 1.0
vertex 8 -1.0 4.297682762145996 0.2648822069168091 1.0 0.75 0.0 0.0 1.0
vertex 5 -1.0 0.0 0.2648822069168091 1.0 0.625 0.0 0.0 1.0
vertex 0 -1.0 0.0 0.0 0.0 0.125 -1.0 -0.0 -0.0
vertex 5 -1.0 0.0 0.2648822069168091 0.3333333333333333 0.125 -1.0 -0.0 -0.0
vertex 8 -1.0 4.297682762145996 0.2648822069168091 0.3333333333333333 0.0 -1.0 -0.0 -0.0
vertex 7 1.0 -4.297682762145996 0.0 0.0 0.75 1.0 0.0 -0.0
vertex 14 1.0 -4.297682762145996 -0.2648822069168091 0.3333333333333333 0.75 1.0 0.0 -0.0
vertex 13 1.0 0.0 -0.2648822069168091 0.3333333333333333 0.625 1.0 0.0 -0.0
vertex 6 -1.0 -4.297682762145996 0.0 0.0 1.0 0.0 -1.0 0.0
vertex 12 -1.0 -4.297682762145996 -0.2648822069168091 0.3333333333333333 1.0 0.0 -1.0 0.0
vertex 14 1.0 -4.297682762145996 -0.2648822069168091 0.3333333333333333 0.75 0.0 -1.0 0.0
vertex 14 1.0 -4.297682762145996 -0.2648822069168091 0.3333333333333333 0.75 0.0 0.0 -1.0
vertex 12 -1.0 -4.297682762145996 -0.2648822069168091 1.0 0.75 0.0 0.0 -1.0
vertex 15 -1.0 0.0 -0.2648822069168091 1.0 0.625 0.0 0.0 -1.0
vertex 0 -1.0 0.0 0.0 0.0 0.125 -1.0 0.0 0.0
vertex 15 -1.0 0.0 -0.2648822069168091 0.3333333333333333 0.125 -1.0 0.0 0.0
vertex 12 -1.0 -4.297682762145996 -0.2648822069168091 0.3333333333333333 0.0 -1.0 0.0 0.0
vertex 13 1.0 0.0 -0.2648822069168091 0.3333333333333333 0.625 1.0 0.0 0.0
vertex 17 1.0 4.297682762145996 -0.2648822069168091 0.3333333333333333 0.75 1.0 0.0 0.0
vertex 11 1.0 4.297682762145996 0.0 0.0 0.75 1.0 0.0 0.0
vertex 17 1.0 4.297682762145996 -0.2648822069168091 0.3333333333333333 0.75 -0.0 1.0 0.0
vertex 16 -1.0 4.297682762145996 -0.2648822069168091 0.3333333333333333 1.0 -0.0 1.0 0.0
vertex 10 -1.0 4.297682762145996 0.0 0.0 1.0 -0.0 1.0 0.0
vertex 15 -1.0 0.0 -0.2648822069168091 1.0 0.625 -0.0 -0.0 -1.0
vertex 16 -1.0 4.297682762145996 -0.2648822069168091 1.0 0.75 -0.0 -0.0 -1.0
vertex 17 1.0 4.297682762145996 -0.2648822069168091 0.3333333333333333 0.75 -0.0 -0.0 -1.0
vertex 16 -1.0 4.297682762145996 -0.2648822069168091 0.3333333333333333 0.0 -1.0 0.0 0.0
vertex 15 -1.0 0.0 -0.2648822069168091 0.3333333333333333 0.125 -1.0 0.0 0.0
vertex 0 -1.0 0.0 0.0 0.0 0.125 -1.0 0.0 0.0
edge -1.0 -4.297682762145996 0.0 -1.0 -4.297682762145996 0.2648822069168091
edge -1.0 0.0 0.2648822069168091 1.0 0.0 0.2648822069168091
edge -1.0 -4.297682762145996 0.0 -1.0 0.0 0.0
edge -1.0 -4.297682762145996 0.2648822069168091 -1.0 0.0 0.2648822069168091
edge 1.0 0.0 0.2648822069168091 1.0 -4.297682762145996 0.2648822069168091
edge -1.0 0.0 0.2648822069168091 -1.0 0.0 0.0
edge 1.0 -4.297682762145996 0.2648822069168091 -1.0 -4.297682762145996 0.2648822069168091
edge 1.0 0.0 0.2648822069168091 1.0 0.0 0.0
edge 1.0 -4.297682762145996 0.2648822069168091 1.0 -4.297682762145996 0.0
edge 1.0 -4.297682762145996 0.0 -1.0 -4.297682762145996 0.0
edge 1.0 0.0 0.0 1.0 -4.297682762145996 0.0
edge -1.0 4.297682762145996 0.0 -1.0 4.297682762145996 0.2648822069168091
edge -1.0 4.297682762145996 0.0 -1.0 0.0 0.0
edge -1.0 4.297682762145996 0.2648822069168091 -1.0 0.0 0.2648822069168091
edge 1.0 0.0 0.2648822069168091 1.0 4.297682762145996 0.2648822069168091
edge 1.0 4.297682762145996 0.2648822069168091 -1.0 4.297682762145996 0.2648822069168091
edge 1.0 4.297682762145996 0.2648822069168091 1.0 4.297682762145996 0.0
edge 1.0 4.297682762145996 0.0 -1.0 4.297682762145996 0.0
edge 1.0 0.0 0.0 1.0 4.297682762145996 0.0
edge -1.0 -4.297682762145996 0.0 -1.0 -4.297682762145996 -0.2648822069168091
edge -1.0 0.0 -0.2648822069168091 1.0 0.0 -0.2648822069168091
edge -1.0 -4.297682762145996 -0.2648822069168091 -1.0 0.0 -0.2648822069168091
edge 1.0 0.0 -0.2648822069168091 1.0 -4.297682762145996 -0.2648822069168091
edge -1.0 0.0 -0.2648822069168091 -1.0 0.0 0.0
edge 1.0 -4.297682762145996 -0.2648822069168091 -1.0 -4.297682762145996 -0.2648822069168091
edge 1.0 0.0 -0.2648822069168091 1.0 0.0 0.0
edge 1.0 -4.297682762145996 -0.2648822069168091 1.0 -4.297682762145996 0.0
edge -1.0 4.297682762145996 0.0 -1.0 4.297682762145996 -0.2648822069168091
edge -1.0 4.297682762145996 -0.2648822069168091 -1.0 0.0 -0.2648822069168091
edge 1.0 0.0 -0.2648822069168091 1.0 4.297682762145996 -0.2648822069168091
edge 1.0 4.297682762145996 -0.2648822069168091 -1.0 4.297682762145996 -0.2648822069168091
edge 1.0 4.297682762145996 -0.2648822069168091 1.0 4.297682762145996 0.0
edge 1.0 -4.297682762145996 0.0 1.0 0.0 0.2648822069168091
edge -1.0 -4.297682762145996 0.0 1.0 -4.297682762145996 0.2648822069168091
edge 1.0 -4.297682762145996 0.2648822069168091 -1.0 0.0 0.2648822069168091
edge -1.0 0.0 0.0 -1.0 -4.297682762145996 0.2648822069168091
edge 1.0 0.0 0.2648822069168091 1.0 4.297682762145996 0.0
edge 1.0 4.297682762145996 0.2648822069168091 -1.0 4.297682762145996 0.0
edge -1.0 0.0 0.2648822069168091 1.0 4.297682762145996 0.2648822069168091
edge -1.0 4.297682762145996 0.2648822069168091 -1.0 0.0 0.0
edge 1.0 0.0 -0.2648822069168091 1.0 -4.297682762145996 0.0
edge 1.0 -4.297682762145996 -0.2648822069168091 -1.0 -4.297682762145996 0.0
edge -1.0 0.0 -0.2648822069168091 1.0 -4.297682762145996 -0.2648822069168091
edge -1.0 -4.297682762145996 -0.2648822069168091 -1.0 0.0 0.0
edge 1.0 4.297682762145996 0.0 1.0 0.0 -0.2648822069168091
edge -1.0 4.297682762145996 0.0 1.0 4.297682762145996 -0.2648822069168091
edge 1.0 4.297682762145996 -0.2648822069168091 -1.0 0.0 -0.2648822069168091
edge -1.0 0.0 0.0 -1.0 4.297682762145996 -0.2648822069168091
