vertex 0 -1.0 -1.0 -1.0 0.5 0.0 -0.8944271802902222 0.0 0.4472135901451111
vertex 1 0.0 0.0 1.0 1.0 0.25 -0.8944271802902222 0.0 0.4472135901451111
vertex 2 -1.0 1.0 -1.0 0.5 0.25 -0.8944271802902222 0.0 0.4472135901451111
vertex 2 -1.0 1.0 -1.0 0.5 0.25 0.0 0.8944271802902222 0.4472135901451111
vertex 1 0.0 0.0 1.0 1.0 0.5 0.0 0.8944271802902222 0.4472135901451111
vertex 4 1.0 1.0 -1.0 0.5 0.5 0.0 0.8944271802902222 0.4472135901451111
vertex 4 1.0 1.0 -1.0 0.5 0.5 0.8944271802902222 0.0 0.4472135901451111
vertex 1 0.0 0.0 1.0 1.0 0.75 0.8944271802902222 0.0 0.4472135901451111
vertex 3 1.0 -1.0 -1.0 0.5 0.75 0.8944271802902222 0.0 0.4472135901451111
vertex 3 1.0 -1.0 -1.0 0.5 0.75 0.0 -0.8944271802902222 0.4472135901451111
vertex 1 0.0 0.0 1.0 1.0 1.0 0.0 -0.8944271802902222 0.4472135901451111
vertex 0 -1.0 -1.0 -1.0 0.5 1.0 0.0 -0.8944271802902222 0.4472135901451111
vertex 4 1.0 1.0 -1.0 0.5 0.5 0.0 0.0 -1.0
vertex 0 -1.0 -1.0 -1.0 0.0 0.75 0.0 0.0 -1.0
vertex 2 -1.0 1.0 -1.0 0.0 0.5 0.0 0.0 -1.0
vertex 4 1.0 1.0 -1.0 0.5 0.5 0.0 0.0 -1.0
vertex 3 1.0 -1.0 -1.0 0.5 0.75 0.0 0.0 -1.0
vertex 0 -1.0 -1.0 -1.0 0.0 0.75 0.0 0.0 -1.0
edge -1.0 1.0 -1.0 -1.0 -1.0 -1.0
edge -1.0 -1.0 -1.0 0.0 0.0 1.0
edge 1.0 1.0 -1.0 -1.0 1.0 -1.0
edge 1.0 -1.0 -1.0 1.0 1.0 -1.0
edge -1.0 -1.0 -1.0 1.0 -1.0 -1.0
edge 0.0 0.0 1.0 -1.0 1.0 -1.0
edge 0.0 0.0 1.0 1.0 1.0 -1.0
edge 0.0 0.0 1.0 1.0 -1.0 -1.0
edge -1.0 -1.0 -1.0 1.0 1.0 -1.0
