vertex 1 -0.08770579844713211 7.211102485656738 0.0489233136177063 0.6666666666666666 0.0 -0.08770579844713211 0.0 0.0
vertex 2 -0.08770579844713211 -7.211102485656738 -0.0489233136177063 0.3333333333333333 0.25 -0.08770579844713211 0.0 0.0
vertex 0 -0.08770579844713211 7.211102485656738 -0.0489233136177063 0.3333333333333333 0.0 -0.08770579844713211 0.0 0.0
vertex 3 -0.08770579844713211 -7.211102485656738 0.0489233136177063 0.6666666666666666 0.25 0.0 -7.211102485656738 0.0
vertex 6 0.08770579844713211 -7.211102485656738 -0.0489233136177063 0.3333333333333333 0.5 0.0 -7.211102485656738 0.0
vertex 2 -0.08770579844713211 -7.211102485656738 -0.0489233136177063 0.3333333333333333 0.25 0.0 -7.211102485656738 0.0
vertex 7 0.08770579844713211 -7.211102485656738 0.0489233136177063 0.6666666666666666 0.5 0.08770579844713211 0.0 0.0
vertex 4 0.08770579844713211 7.211102485656738 -0.0489233136177063 0.3333333333333333 0.75 0.08770579844713211 0.0 0.0
vertex 6 0.08770579844713211 -7.211102485656738 -0.0489233136177063 0.3333333333333333 0.5 0.08770579844713211 0.0 0.0
vertex 5 0.08770579844713211 7.211102485656738 0.0489233136177063 0.6666666666666666 0.75 0.0 7.211102485656738 0.0
vertex 0 -0.08770579844713211 7.211102485656738 -0.0489233136177063 0.3333333333333333 1.0 0.0 7.211102485656738 0.0
vertex 4 0.08770579844713211 7.211102485656738 -0.0489233136177063 0.3333333333333333 0.75 0.0 7.211102485656738 0.0
vertex 6 0.08770579844713211 -7.211102485656738 -0.0489233136177063 0.3333333333333333 0.5 0.0 0.0 -0.0489233136177063
vertex 0 -0.08770579844713211 7.211102485656738 -0.0489233136177063 0.0 0.75 0.0 0.0 -0.0489233136177063
vertex 2 -0.08770579844713211 -7.211102485656738 -0.0489233136177063 0.0 0.5 0.0 0.0 -0.0489233136177063
vertex 3 -0.08770579844713211 -7.211102485656738 0.0489233136177063 1.0 0.5 0.0 0.0 0.0489233136177063
vertex 5 0.08770579844713211 7.211102485656738 0.0489233136177063 0.6666666666666666 0.75 0.0 0.0 0.0489233136177063
vertex 7 0.08770579844713211 -7.211102485656738 0.0489233136177063 0.6666666666666666 0.5 0.0 0.0 0.0489233136177063
vertex 1 -0.08770579844713211 7.211102485656738 0.0489233136177063 0.6666666666666666 0.0 -0.08770579844713211 0.0 0.0
vertex 3 -0.08770579844713211 -7.211102485656738 0.0489233136177063 0.6666666666666666 0.25 -0.08770579844713211 0.0 0.0
vertex 2 -0.08770579844713211 -7.211102485656738 -0.0489233136177063 0.3333333333333333 0.25 -0.08770579844713211 0.0 0.0
vertex 3 -0.08770579844713211 -7.211102485656738 0.0489233136177063 0.6666666666666666 0.25 0.0 -7.211102485656738 0.0
vertex 7 0.08770579844713211 -7.211102485656738 0.0489233136177063 0.6666666666666666 0.5 0.0 -7.211102485656738 0.0
vertex 6 0.08770579844713211 -7.211102485656738 -0.0489233136177063 0.3333333333333333 0.5 0.0 -7.211102485656738 0.0
vertex 7 0.08770579844713211 -7.211102485656738 0.0489233136177063 0.6666666666666666 0.5 0.08770579844713211 0.0 0.0
vertex 5 0.08770579844713211 7.211102485656738 0.0489233136177063 0.6666666666666666 0.75 0.08770579844713211 0.0 0.0
vertex 4 0.08770579844713211 7.211102485656738 -0.0489233136177063 0.3333333333333333 0.75 0.08770579844713211 0.0 0.0
vertex 5 0.08770579844713211 7.211102485656738 0.0489233136177063 0.6666666666666666 0.75 0.0 7.211102485656738 0.0
vertex 1 -0.08770579844713211 7.211102485656738 0.0489233136177063 0.6666666666666666 1.0 0.0 7.211102485656738 0.0
vertex 0 -0.08770579844713211 7.211102485656738 -0.0489233136177063 0.3333333333333333 1.0 0.0 7.211102485656738 0.0
vertex 6 0.08770579844713211 -7.211102485656738 -0.0489233136177063 0.3333333333333333 0.5 0.0 0.0 -0.0489233136177063
vertex 4 0.08770579844713211 7.211102485656738 -0.0489233136177063 0.3333333333333333 0.75 0.0 0.0 -0.0489233136177063
vertex 0 -0.08770579844713211 7.211102485656738 -0.0489233136177063 0.0 0.75 0.0 0.0 -0.0489233136177063
vertex 3 -0.08770579844713211 -7.211102485656738 0.0489233136177063 1.0 0.5 0.0 0.0 0.0489233136177063
vertex 1 -0.08770579844713211 7.211102485656738 0.0489233136177063 1.0 0.75 0.0 0.0 0.0489233136177063
vertex 5 0.08770579844713211 7.211102485656738 0.0489233136177063 0.6666666666666666 0.75 0.0 0.0 0.0489233136177063
edge -0.08770579844713211 -7.211102485656738 -0.0489233136177063 -0.08770579844713211 7.211102485656738 -0.0489233136177063
edge -0.08770579844713211 7.211102485656738 -0.0489233136177063 -0.08770579844713211 7.211102485656738 0.0489233136177063
edge -0.08770579844713211 7.211102485656738 0.0489233136177063 -0.08770579844713211 -7.211102485656738 0.0489233136177063
edge -0.08770579844713211 -7.211102485656738 0.0489233136177063 -0.08770579844713211 -7.211102485656738 -0.0489233136177063
edge 0.08770579844713211 -7.211102485656738 -0.0489233136177063 -0.08770579844713211 -7.211102485656738 -0.0489233136177063
edge -0.08770579844713211 -7.211102485656738 0.0489233136177063 0.08770579844713211 -7.211102485656738 0.0489233136177063
edge 0.08770579844713211 -7.211102485656738 0.0489233136177063 0.08770579844713211 -7.211102485656738 -0.0489233136177063
edge 0.08770579844713211 7.211102485656738 -0.0489233136177063 0.08770579844713211 -7.211102485656738 -0.0489233136177063
edge 0.08770579844713211 -7.211102485656738 0.0489233136177063 0.08770579844713211 7.211102485656738 0.0489233136177063
edge 0.08770579844713211 7.211102485656738 0.0489233136177063 0.08770579844713211 7.211102485656738 -0.0489233136177063
edge -0.08770579844713211 7.211102485656738 -0.0489233136177063 0.08770579844713211 7.211102485656738 -0.0489233136177063
edge 0.08770579844713211 7.211102485656738 0.0489233136177063 -0.08770579844713211 7.211102485656738 0.0489233136177063
edge -0.08770579844713211 -7.211102485656738 -0.0489233136177063 -0.08770579844713211 7.211102485656738 0.0489233136177063
edge 0.08770579844713211 -7.211102485656738 -0.0489233136177063 -0.08770579844713211 -7.211102485656738 0.0489233136177063
edge 0.08770579844713211 7.211102485656738 -0.0489233136177063 0.08770579844713211 -7.211102485656738 0.0489233136177063
edge -0.08770579844713211 7.211102485656738 -0.0489233136177063 0.08770579844713211 7.211102485656738 0.0489233136177063
edge -0.08770579844713211 7.211102485656738 -0.0489233136177063 0.08770579844713211 -7.211102485656738 -0.0489233136177063
edge 0.08770579844713211 7.211102485656738 0.0489233136177063 -0.08770579844713211 -7.211102485656738 0.0489233136177063
