8 0.9575554728507996 0.8034846186637878 0.0 0.6666666865348816 0.5 0.8756958246231079 0.3187272548675537 0.3627253472805023
1 1.176776647567749 0.0 0.1767766922712326 0.5555555820465088 0.625 0.8756958246231079 0.3187272548675537 0.3627253472805023
0 1.25 0.0 0.0 0.5555555820465088 0.5 0.8756958246231079 0.3187272548675537 0.3627253472805023
9 0.9014631509780884 0.7564175724983215 0.1767766922712326 0.6666666865348816 0.625 0.37902456521987915 0.13795368373394012 0.915045976638794
2 1.0 0.0 0.25 0.5555555820465088 0.75 0.37902456521987915 0.13795368373394012 0.915045976638794
1 1.176776647567749 0.0 0.1767766922712326 0.5555555820465088 0.625 0.37902456521987915 0.13795368373394012 0.915045976638794
10 0.7660443782806396 0.6427876949310303 0.25 0.6666666865348816 0.75 -0.379024475812912 -0.13795363903045654 0.9150460362434387
3 0.8232232928276062 0.0 0.1767766922712326 0.5555555820465088 0.875 -0.379024475812912 -0.13795363903045654 0.9150460362434387
2 1.0 0.0 0.25 0.5555555820465088 0.75 -0.379024475812912 -0.13795363903045654 0.9150460362434387
11 0.6306255459785461 0.529157817363739 0.1767766922712326 0.6666666865348816 0.875 -0.8756959438323975 -0.3187273442745209 0.36272507905960083
4 0.75 0.0 3.0616171314629196e-17 0.5555555820465088 1.0 -0.8756959438323975 -0.3187273442745209 0.36272507905960083
3 0.8232232928276062 0.0 0.1767766922712326 0.5555555820465088 0.875 -0.8756959438323975 -0.3187273442745209 0.36272507905960083
12 0.5745332837104797 0.4820907711982727 3.0616171314629196e-17 0.6666666865348816 0.0 -0.8756959438323975 -0.3187273144721985 -0.36272507905960083
5 0.8232232928276062 0.0 -0.1767766922712326 0.5555555820465088 0.125 -0.8756959438323975 -0.3187273144721985 -0.36272507905960083
4 0.75 0.0 3.0616171314629196e-17 0.5555555820465088 0.0 -0.8756959438323975 -0.3187273144721985 -0.36272507905960083
13 0.6306255459785461 0.529157817363739 -0.1767766922712326 0.6666666865348816 0.125 -0.379024475812912 -0.13795366883277893 -0.9150460362434387
6 1.0 0.0 -0.25 0.5555555820465088 0.25 -0.379024475812912 -0.13795366883277893 -0.9150460362434387
5 0.8232232928276062 0.0 -0.1767766922712326 0.5555555820465088 0.125 -0.379024475812912 -0.13795366883277893 -0.9150460362434387
14 0.7660443782806396 0.6427876949310303 -0.25 0.6666666865348816 0.25 0.37902459502220154 0.13795368373394012 -0.915045976638794
7 1.176776647567749 0.0 -0.1767766922712326 0.5555555820465088 0.375 0.37902459502220154 0.13795368373394012 -0.915045976638794
6 1.0 0.0 -0.25 0.5555555820465088 0.25 0.37902459502220154 0.13795368373394012 -0.915045976638794
15 0.9014631509780884 0.7564175724983215 -0.1767766922712326 0.6666666865348816 0.375 0.8756958246231079 0.3187272250652313 -0.36272531747817993
0 1.25 0.0 0.0 0.5555555820465088 0.5 0.8756958246231079 0.3187272250652313 -0.36272531747817993
7 1.176776647567749 0.0 -0.1767766922712326 0.5555555820465088 0.375 0.8756958246231079 0.3187272250652313 -0.36272531747817993
8 0.9575554728507996 0.8034846186637878 0.0 0.6666666865348816 0.5 0.4659479558467865 0.8070457577705383 0.36272525787353516
17 0.20434516668319702 1.1588987112045288 0.1767766922712326 0.7777777910232544 0.625 0.4659479558467865 0.8070457577705383 0.36272525787353516
9 0.9014631509780884 0.7564175724983215 0.1767766922712326 0.6666666865348816 0.625 0.4659479558467865 0.8070457577705383 0.36272525787353516
17 0.20434516668319702 1.1588987112045288 0.1767766922712326 0.7777777910232544 0.625 0.201674684882164 0.34931090474128723 0.9150460362434387
10 0.7660443782806396 0.6427876949310303 0.25 0.6666666865348816 0.75 0.201674684882164 0.34931090474128723 0.9150460362434387
9 0.9014631509780884 0.7564175724983215 0.1767766922712326 0.6666666865348816 0.625 0.201674684882164 0.34931090474128723 0.9150460362434387
18 0.17364822328090668 0.9848077297210693 0.25 0.7777777910232544 0.75 -0.2016746997833252 -0.34931084513664246 0.9150460362434387
11 0.6306255459785461 0.529157817363739 0.1767766922712326 0.6666666865348816 0.875 -0.2016746997833252 -0.34931084513664246 0.9150460362434387
10 0.7660443782806396 0.6427876949310303 0.25 0.6666666865348816 0.75 -0.2016746997833252 -0.34931084513664246 0.9150460362434387
19 0.14295126497745514 0.8107166886329651 0.1767766922712326 0.7777777910232544 0.875 -0.46594804525375366 -0.8070458173751831 0.36272507905960083
12 0.5745332837104797 0.4820907711982727 3.0616171314629196e-17 0.6666666865348816 1.0 -0.46594804525375366 -0.8070458173751831 0.36272507905960083
11 0.6306255459785461 0.529157817363739 0.1767766922712326 0.6666666865348816 0.875 -0.46594804525375366 -0.8070458173751831 0.36272507905960083
20 0.1302361637353897 0.738605797290802 3.0616171314629196e-17 0.7777777910232544 0.0 -0.46594804525375366 -0.8070458173751831 -0.3627251088619232
13 0.6306255459785461 0.529157817363739 -0.1767766922712326 0.6666666865348816 0.125 -0.46594804525375366 -0.8070458173751831 -0.3627251088619232
12 0.5745332837104797 0.4820907711982727 3.0616171314629196e-17 0.6666666865348816 0.0 -0.46594804525375366 -0.8070458173751831 -0.3627251088619232
13 0.6306255459785461 0.529157817363739 -0.1767766922712326 0.6666666865348816 0.125 -0.201674684882164 -0.34931087493896484 -0.9150460362434387
22 0.17364822328090668 0.9848077297210693 -0.25 0.7777777910232544 0.25 -0.201674684882164 -0.34931087493896484 -0.9150460362434387
14 0.7660443782806396 0.6427876949310303 -0.25 0.6666666865348816 0.25 -0.201674684882164 -0.34931087493896484 -0.9150460362434387
14 0.7660443782806396 0.6427876949310303 -0.25 0.6666666865348816 0.25 0.2016747146844864 0.3493109345436096 -0.9150460362434387
23 0.20434516668319702 1.1588987112045288 -0.1767766922712326 0.7777777910232544 0.375 0.2016747146844864 0.3493109345436096 -0.9150460362434387
15 0.9014631509780884 0.7564175724983215 -0.1767766922712326 0.6666666865348816 0.375 0.2016747146844864 0.3493109345436096 -0.9150460362434387
23 0.20434516668319702 1.1588987112045288 -0.1767766922712326 0.7777777910232544 0.375 0.4659479558467865 0.8070457577705383 -0.3627251982688904
8 0.9575554728507996 0.8034846186637878 0.0 0.6666666865348816 0.5 0.4659479558467865 0.8070457577705383 -0.3627251982688904
15 0.9014631509780884 0.7564175724983215 -0.1767766922712326 0.6666666865348816 0.375 0.4659479558467865 0.8070457577705383 -0.3627251982688904
24 -0.6249998211860657 1.0825319290161133 0.0 0.8888888955116272 0.5 -0.1618218868970871 0.9177383184432983 0.36272573471069336
17 0.20434516668319702 1.1588987112045288 0.1767766922712326 0.7777777910232544 0.625 -0.1618218868970871 0.9177383184432983 0.36272573471069336
16 0.21706028282642365 1.2310097217559814 0.0 0.7777777910232544 0.5 -0.1618218868970871 0.9177383184432983 0.36272573471069336
25 -0.5883881449699402 1.0191185474395752 0.1767766922712326 0.8888888955116272 0.625 -0.07004086673259735 0.39722180366516113 0.9150460362434387
18 0.17364822328090668 0.9848077297210693 0.25 0.7777777910232544 0.75 -0.07004086673259735 0.39722180366516113 0.9150460362434387
17 0.20434516668319702 1.1588987112045288 0.1767766922712326 0.7777777910232544 0.625 -0.07004086673259735 0.39722180366516113 0.9150460362434387
26 -0.49999985098838806 0.8660255074501038 0.25 0.8888888955116272 0.75 0.07004082947969437 -0.3972216844558716 0.9150460362434387
19 0.14295126497745514 0.8107166886329651 0.1767766922712326 0.7777777910232544 0.875 0.07004082947969437 -0.3972216844558716 0.9150460362434387
18 0.17364822328090668 0.9848077297210693 0.25 0.7777777910232544 0.75 0.07004082947969437 -0.3972216844558716 0.9150460362434387
27 -0.41161152720451355 0.7129323482513428 0.1767766922712326 0.8888888955116272 0.875 0.16182200610637665 -0.9177385568618774 0.36272522807121277
20 0.1302361637353897 0.738605797290802 3.0616171314629196e-17 0.7777777910232544 1.0 0.16182200610637665 -0.9177385568618774 0.36272522807121277
19 0.14295126497745514 0.8107166886329651 0.1767766922712326 0.7777777910232544 0.875 0.16182200610637665 -0.9177385568618774 0.36272522807121277
20 0.1302361637353897 0.738605797290802 3.0616171314629196e-17 0.7777777910232544 0.0 0.16182199120521545 -0.9177385568618774 -0.362725168466568
29 -0.41161152720451355 0.7129323482513428 -0.1767766922712326 0.8888888955116272 0.125 0.16182199120521545 -0.9177385568618774 -0.362725168466568
21 0.14295126497745514 0.8107166886329651 -0.1767766922712326 0.7777777910232544 0.125 0.16182199120521545 -0.9177385568618774 -0.362725168466568
29 -0.41161152720451355 0.7129323482513428 -0.1767766922712326 0.8888888955116272 0.125 0.07004086673259735 -0.39722171425819397 -0.9150460362434387
22 0.17364822328090668 0.9848077297210693 -0.25 0.7777777910232544 0.25 0.07004086673259735 -0.39722171425819397 -0.9150460362434387
21 0.14295126497745514 0.8107166886329651 -0.1767766922712326 0.7777777910232544 0.125 0.07004086673259735 -0.39722171425819397 -0.9150460362434387
30 -0.49999985098838806 0.8660255074501038 -0.25 0.8888888955116272 0.25 -0.07004085183143616 0.39722177386283875 -0.915045976638794
23 0.20434516668319702 1.1588987112045288 -0.1767766922712326 0.7777777910232544 0.375 -0.07004085183143616 0.39722177386283875 -0.915045976638794
22 0.17364822328090668 0.9848077297210693 -0.25 0.7777777910232544 0.25 -0.07004085183143616 0.39722177386283875 -0.915045976638794
31 -0.5883881449699402 1.0191185474395752 -0.1767766922712326 0.8888888955116272 0.375 -0.16182193160057068 0.9177383184432983 -0.36272573471069336
16 0.21706028282642365 1.2310097217559814 0.0 0.7777777910232544 0.5 -0.16182193160057068 0.9177383184432983 -0.36272573471069336
23 0.20434516668319702 1.1588987112045288 -0.1767766922712326 0.7777777910232544 0.375 -0.16182193160057068 0.9177383184432983 -0.36272573471069336
32 -1.1746156215667725 0.4275255799293518 0.0 1.0 0.5 -0.713873565196991 0.5990113019943237 0.3627256453037262
25 -0.5883881449699402 1.0191185474395752 0.1767766922712326 0.8888888955116272 0.625 -0.713873565196991 0.5990113019943237 0.3627256453037262
24 -0.6249998211860657 1.0825319290161133 0.0 0.8888888955116272 0.5 -0.713873565196991 0.5990113019943237 0.3627256453037262
25 -0.5883881449699402 1.0191185474395752 0.1767766922712326 0.8888888955116272 0.625 -0.30898362398147583 0.2592681646347046 0.9150460362434387
34 -0.939692497253418 0.3420204520225525 0.25 1.0 0.75 -0.30898362398147583 0.2592681646347046 0.9150460362434387
26 -0.49999985098838806 0.8660255074501038 0.25 0.8888888955116272 0.75 -0.30898362398147583 0.2592681646347046 0.9150460362434387
34 -0.939692497253418 0.3420204520225525 0.25 1.0 0.75 0.30898353457450867 -0.25926804542541504 0.9150460958480835
27 -0.41161152720451355 0.7129323482513428 0.1767766922712326 0.8888888955116272 0.875 0.30898353457450867 -0.25926804542541504 0.9150460958480835
26 -0.49999985098838806 0.8660255074501038 0.25 0.8888888955116272 0.75 0.30898353457450867 -0.25926804542541504 0.9150460958480835
35 -0.7735767364501953 0.28155919909477234 0.1767766922712326 1.0 0.875 0.7138738036155701 -0.5990114808082581 0.36272504925727844
28 -0.37499988079071045 0.649519145488739 3.0616171314629196e-17 0.8888888955116272 1.0 0.7138738036155701 -0.5990114808082581 0.36272504925727844
27 -0.41161152720451355 0.7129323482513428 0.1767766922712326 0.8888888955116272 0.875 0.7138738036155701 -0.5990114808082581 0.36272504925727844
28 -0.37499988079071045 0.649519145488739 3.0616171314629196e-17 0.8888888955116272 0.0 0.7138737440109253 -0.5990114808082581 -0.36272504925727844
37 -0.7735767364501953 0.28155919909477234 -0.1767766922712326 1.0 0.125 0.7138737440109253 -0.5990114808082581 -0.36272504925727844
29 -0.41161152720451355 0.7129323482513428 -0.1767766922712326 0.8888888955116272 0.125 0.7138737440109253 -0.5990114808082581 -0.36272504925727844
29 -0.41161152720451355 0.7129323482513428 -0.1767766922712326 0.8888888955116272 0.125 0.30898353457450867 -0.2592680752277374 -0.9150460958480835
38 -0.939692497253418 0.3420204520225525 -0.25 1.0 0.25 0.30898353457450867 -0.2592680752277374 -0.9150460958480835
30 -0.49999985098838806 0.8660255074501038 -0.25 0.8888888955116272 0.25 0.30898353457450867 -0.2592680752277374 -0.9150460958480835
38 -0.939692497253418 0.3420204520225525 -0.25 1.0 0.25 -0.3089836537837982 0.259268194437027 -0.915045976638794
31 -0.5883881449699402 1.0191185474395752 -0.1767766922712326 0.8888888955116272 0.375 -0.3089836537837982 0.259268194437027 -0.915045976638794
30 -0.49999985098838806 0.8660255074501038 -0.25 0.8888888955116272 0.25 -0.3089836537837982 0.259268194437027 -0.915045976638794
39 -1.105808138847351 0.40248167514801025 -0.1767766922712326 1.0 0.375 -0.713873565196991 0.5990113019943237 -0.3627256751060486
24 -0.6249998211860657 1.0825319290161133 0.0 0.8888888955116272 0.5 -0.713873565196991 0.5990113019943237 -0.3627256751060486
31 -0.5883881449699402 1.0191185474395752 -0.1767766922712326 0.8888888955116272 0.375 -0.713873565196991 0.5990113019943237 -0.3627256751060486
40 -1.1746158599853516 -0.42752501368522644 0.0 0.1111111119389534 0.5 -0.9318960309028625 2.583825846613763e-07 0.3627255856990814
33 -1.105808138847351 0.40248167514801025 0.1767766922712326 2.220446049250313e-16 0.625 -0.9318960309028625 2.583825846613763e-07 0.3627255856990814
32 -1.1746156215667725 0.4275255799293518 0.0 2.220446049250313e-16 0.5 -0.9318960309028625 2.583825846613763e-07 0.3627255856990814
41 -1.1058083772659302 -0.40248116850852966 0.1767766922712326 0.1111111119389534 0.625 -0.4033496677875519 1.2109055091968912e-07 0.9150459170341492
34 -0.939692497253418 0.3420204520225525 0.25 2.220446049250313e-16 0.75 -0.4033496677875519 1.2109055091968912e-07 0.9150459170341492
33 -1.105808138847351 0.40248167514801025 0.1767766922712326 2.220446049250313e-16 0.625 -0.4033496677875519 1.2109055091968912e-07 0.9150459170341492
42 -0.9396926760673523 -0.3420200049877167 0.25 0.1111111119389534 0.75 0.4033493995666504 -1.0499737612690296e-07 0.9150460362434387
35 -0.7735767364501953 0.28155919909477234 0.1767766922712326 2.220446049250313e-16 0.875 0.4033493995666504 -1.0499737612690296e-07 0.9150460362434387
34 -0.939692497253418 0.3420204520225525 0.25 2.220446049250313e-16 0.75 0.4033493995666504 -1.0499737612690296e-07 0.9150460362434387
43 -0.7735769152641296 -0.2815588414669037 0.1767766922712326 0.1111111119389534 0.875 0.9318962097167969 -2.964300165331224e-07 0.36272501945495605
36 -0.7047693729400635 0.2565153241157532 3.0616171314629196e-17 2.220446049250313e-16 1.0 0.9318962097167969 -2.964300165331224e-07 0.36272501945495605
35 -0.7735767364501953 0.28155919909477234 0.1767766922712326 2.220446049250313e-16 0.875 0.9318962097167969 -2.964300165331224e-07 0.36272501945495605
36 -0.7047693729400635 0.2565153241157532 3.0616171314629196e-17 2.220446049250313e-16 0.0 0.9318962097167969 -2.9591669203909987e-07 -0.36272501945495605
45 -0.7735769152641296 -0.2815588414669037 -0.1767766922712326 0.1111111119389534 0.125 0.9318962097167969 -2.9591669203909987e-07 -0.36272501945495605
37 -0.7735767364501953 0.28155919909477234 -0.1767766922712326 2.220446049250313e-16 0.125 0.9318962097167969 -2.9591669203909987e-07 -0.36272501945495605
45 -0.7735769152641296 -0.2815588414669037 -0.1767766922712326 0.1111111119389534 0.125 0.403349369764328 -1.3665452058830851e-07 -0.915045976638794
38 -0.939692497253418 0.3420204520225525 -0.25 2.220446049250313e-16 0.25 0.403349369764328 -1.3665452058830851e-07 -0.915045976638794
37 -0.7735767364501953 0.28155919909477234 -0.1767766922712326 2.220446049250313e-16 0.125 0.403349369764328 -1.3665452058830851e-07 -0.915045976638794
46 -0.9396926760673523 -0.3420200049877167 -0.25 0.1111111119389534 0.25 -0.4033496379852295 1.0499744007574918e-07 -0.915045976638794
39 -1.105808138847351 0.40248167514801025 -0.1767766922712326 2.220446049250313e-16 0.375 -0.4033496379852295 1.0499744007574918e-07 -0.915045976638794
38 -0.939692497253418 0.3420204520225525 -0.25 2.220446049250313e-16 0.25 -0.4033496379852295 1.0499744007574918e-07 -0.915045976638794
47 -1.1058083772659302 -0.40248116850852966 -0.1767766922712326 0.1111111119389534 0.375 -0.9318960309028625 2.744601204085484e-07 -0.36272555589675903
32 -1.1746156215667725 0.4275255799293518 0.0 2.220446049250313e-16 0.5 -0.9318960309028625 2.744601204085484e-07 -0.36272555589675903
39 -1.105808138847351 0.40248167514801025 -0.1767766922712326 2.220446049250313e-16 0.375 -0.9318960309028625 2.744601204085484e-07 -0.36272555589675903
48 -0.6249998211860657 -1.0825319290161133 0.0 0.2222222238779068 0.5 -0.7138738632202148 -0.599011242389679 0.3627254366874695
41 -1.1058083772659302 -0.40248116850852966 0.1767766922712326 0.1111111119389534 0.625 -0.7138738632202148 -0.599011242389679 0.3627254366874695
40 -1.1746158599853516 -0.42752501368522644 0.0 0.1111111119389534 0.5 -0.7138738632202148 -0.599011242389679 0.3627254366874695
49 -0.5883881449699402 -1.0191185474395752 0.1767766922712326 0.2222222238779068 0.625 -0.3089836835861206 -0.2592681050300598 0.915045976638794
42 -0.9396926760673523 -0.3420200049877167 0.25 0.1111111119389534 0.75 -0.3089836835861206 -0.2592681050300598 0.915045976638794
41 -1.1058083772659302 -0.40248116850852966 0.1767766922712326 0.1111111119389534 0.625 -0.3089836835861206 -0.2592681050300598 0.915045976638794
50 -0.49999985098838806 -0.8660255074501038 0.25 0.2222222238779068 0.75 0.30898362398147583 0.25926801562309265 0.915045976638794
43 -0.7735769152641296 -0.2815588414669037 0.1767766922712326 0.1111111119389534 0.875 0.30898362398147583 0.25926801562309265 0.915045976638794
42 -0.9396926760673523 -0.3420200049877167 0.25 0.1111111119389534 0.75 0.30898362398147583 0.25926801562309265 0.915045976638794
51 -0.41161152720451355 -0.7129323482513428 0.1767766922712326 0.2222222238779068 0.875 0.7138738632202148 0.5990113615989685 0.36272522807121277
44 -0.704769492149353 -0.2565149962902069 3.0616171314629196e-17 0.1111111119389534 1.0 0.7138738632202148 0.5990113615989685 0.36272522807121277
43 -0.7735769152641296 -0.2815588414669037 0.1767766922712326 0.1111111119389534 0.875 0.7138738632202148 0.5990113615989685 0.36272522807121277
52 -0.37499988079071045 -0.649519145488739 3.0616171314629196e-17 0.2222222238779068 0.0 0.7138738632202148 0.599011242389679 -0.36272525787353516
45 -0.7735769152641296 -0.2815588414669037 -0.1767766922712326 0.1111111119389534 0.125 0.7138738632202148 0.599011242389679 -0.36272525787353516
44 -0.704769492149353 -0.2565149962902069 3.0616171314629196e-17 0.1111111119389534 0.0 0.7138738632202148 0.599011242389679 -0.36272525787353516
45 -0.7735769152641296 -0.2815588414669037 -0.1767766922712326 0.1111111119389534 0.125 0.30898359417915344 0.25926801562309265 -0.9150460362434387
54 -0.49999985098838806 -0.8660255074501038 -0.25 0.2222222238779068 0.25 0.30898359417915344 0.25926801562309265 -0.9150460362434387
46 -0.9396926760673523 -0.3420200049877167 -0.25 0.1111111119389534 0.25 0.30898359417915344 0.25926801562309265 -0.9150460362434387
54 -0.49999985098838806 -0.8660255074501038 -0.25 0.2222222238779068 0.25 -0.3089836835861206 -0.2592680752277374 -0.915045976638794
47 -1.1058083772659302 -0.40248116850852966 -0.1767766922712326 0.1111111119389534 0.375 -0.3089836835861206 -0.2592680752277374 -0.915045976638794
46 -0.9396926760673523 -0.3420200049877167 -0.25 0.1111111119389534 0.25 -0.3089836835861206 -0.2592680752277374 -0.915045976638794
55 -0.5883881449699402 -1.0191185474395752 -0.1767766922712326 0.2222222238779068 0.375 -0.7138736844062805 -0.5990113019943237 -0.3627254366874695
40 -1.1746158599853516 -0.42752501368522644 0.0 0.1111111119389534 0.5 -0.7138736844062805 -0.5990113019943237 -0.3627254366874695
47 -1.1058083772659302 -0.40248116850852966 -0.1767766922712326 0.1111111119389534 0.375 -0.7138736844062805 -0.5990113019943237 -0.3627254366874695
56 0.21706028282642365 -1.2310097217559814 0.0 0.3333333432674408 0.5 -0.1618219017982483 -0.9177383184432983 0.36272576451301575
49 -0.5883881449699402 -1.0191185474395752 0.1767766922712326 0.2222222238779068 0.625 -0.1618219017982483 -0.9177383184432983 0.36272576451301575
48 -0.6249998211860657 -1.0825319290161133 0.0 0.2222222238779068 0.5 -0.1618219017982483 -0.9177383184432983 0.36272576451301575
57 0.20434516668319702 -1.1588987112045288 0.1767766922712326 0.3333333432674408 0.625 -0.07004086673259735 -0.39722180366516113 0.9150459170341492
50 -0.49999985098838806 -0.8660255074501038 0.25 0.2222222238779068 0.75 -0.07004086673259735 -0.39722180366516113 0.9150459170341492
49 -0.5883881449699402 -1.0191185474395752 0.1767766922712326 0.2222222238779068 0.625 -0.07004086673259735 -0.39722180366516113 0.9150459170341492
58 0.17364822328090668 -0.9848077297210693 0.25 0.3333333432674408 0.75 0.07004082202911377 0.3972215950489044 0.9150460362434387
51 -0.41161152720451355 -0.7129323482513428 0.1767766922712326 0.2222222238779068 0.875 0.07004082202911377 0.3972215950489044 0.9150460362434387
50 -0.49999985098838806 -0.8660255074501038 0.25 0.2222222238779068 0.75 0.07004082202911377 0.3972215950489044 0.9150460362434387
51 -0.41161152720451355 -0.7129323482513428 0.1767766922712326 0.2222222238779068 0.875 0.16182191669940948 0.917738676071167 0.3627249598503113
60 0.1302361637353897 -0.738605797290802 3.0616171314629196e-17 0.3333333432674408 1.0 0.16182191669940948 0.917738676071167 0.3627249598503113
52 -0.37499988079071045 -0.649519145488739 3.0616171314629196e-17 0.2222222238779068 1.0 0.16182191669940948 0.917738676071167 0.3627249598503113
60 0.1302361637353897 -0.738605797290802 3.0616171314629196e-17 0.3333333432674408 0.0 0.16182193160057068 0.9177387356758118 -0.3627249598503113
53 -0.41161152720451355 -0.7129323482513428 -0.1767766922712326 0.2222222238779068 0.125 0.16182193160057068 0.9177387356758118 -0.3627249598503113
52 -0.37499988079071045 -0.649519145488739 3.0616171314629196e-17 0.2222222238779068 0.0 0.16182193160057068 0.9177387356758118 -0.3627249598503113
61 0.14295126497745514 -0.8107166886329651 -0.1767766922712326 0.3333333432674408 0.125 0.07004083693027496 0.39722156524658203 -0.9150460362434387
54 -0.49999985098838806 -0.8660255074501038 -0.25 0.2222222238779068 0.25 0.07004083693027496 0.39722156524658203 -0.9150460362434387
53 -0.41161152720451355 -0.7129323482513428 -0.1767766922712326 0.2222222238779068 0.125 0.07004083693027496 0.39722156524658203 -0.9150460362434387
54 -0.49999985098838806 -0.8660255074501038 -0.25 0.2222222238779068 0.25 -0.07004087418317795 -0.3972218334674835 -0.9150459170341492
63 0.20434516668319702 -1.1588987112045288 -0.1767766922712326 0.3333333432674408 0.375 -0.07004087418317795 -0.3972218334674835 -0.9150459170341492
55 -0.5883881449699402 -1.0191185474395752 -0.1767766922712326 0.2222222238779068 0.375 -0.07004087418317795 -0.3972218334674835 -0.9150459170341492
63 0.20434516668319702 -1.1588987112045288 -0.1767766922712326 0.3333333432674408 0.375 -0.16182191669940948 -0.9177383184432983 -0.36272579431533813
48 -0.6249998211860657 -1.0825319290161133 0.0 0.2222222238779068 0.5 -0.16182191669940948 -0.9177383184432983 -0.36272579431533813
55 -0.5883881449699402 -1.0191185474395752 -0.1767766922712326 0.2222222238779068 0.375 -0.16182191669940948 -0.9177383184432983 -0.36272579431533813
64 0.9575554728507996 -0.8034846186637878 0.0 0.4444444477558136 0.5 0.4659480154514313 -0.807045578956604 0.36272570490837097
57 0.20434516668319702 -1.1588987112045288 0.1767766922712326 0.3333333432674408 0.625 0.4659480154514313 -0.807045578956604 0.36272570490837097
56 0.21706028282642365 -1.2310097217559814 0.0 0.3333333432674408 0.5 0.4659480154514313 -0.807045578956604 0.36272570490837097
65 0.9014631509780884 -0.7564175724983215 0.1767766922712326 0.4444444477558136 0.625 0.2016747146844864 -0.349310964345932 0.9150459170341492
58 0.17364822328090668 -0.9848077297210693 0.25 0.3333333432674408 0.75 0.2016747146844864 -0.349310964345932 0.9150459170341492
57 0.20434516668319702 -1.1588987112045288 0.1767766922712326 0.3333333432674408 0.625 0.2016747146844864 -0.349310964345932 0.9150459170341492
58 0.17364822328090668 -0.9848077297210693 0.25 0.3333333432674408 0.75 -0.201674684882164 0.34931084513664246 0.9150460362434387
67 0.6306255459785461 -0.529157817363739 0.1767766922712326 0.4444444477558136 0.875 -0.201674684882164 0.34931084513664246 0.9150460362434387
59 0.14295126497745514 -0.8107166886329651 0.1767766922712326 0.3333333432674408 0.875 -0.201674684882164 0.34931084513664246 0.9150460362434387
59 0.14295126497745514 -0.8107166886329651 0.1767766922712326 0.3333333432674408 0.875 -0.4659480154514313 0.8070458173751831 0.36272525787353516
68 0.5745332837104797 -0.4820907711982727 3.0616171314629196e-17 0.4444444477558136 1.0 -0.4659480154514313 0.8070458173751831 0.36272525787353516
60 0.1302361637353897 -0.738605797290802 3.0616171314629196e-17 0.3333333432674408 1.0 -0.4659480154514313 0.8070458173751831 0.36272525787353516
68 0.5745332837104797 -0.4820907711982727 3.0616171314629196e-17 0.4444444477558136 0.0 -0.4659479856491089 0.8070458173751831 -0.36272522807121277
61 0.14295126497745514 -0.8107166886329651 -0.1767766922712326 0.3333333432674408 0.125 -0.4659479856491089 0.8070458173751831 -0.36272522807121277
60 0.1302361637353897 -0.738605797290802 3.0616171314629196e-17 0.3333333432674408 0.0 -0.4659479856491089 0.8070458173751831 -0.36272522807121277
69 0.6306255459785461 -0.529157817363739 -0.1767766922712326 0.4444444477558136 0.125 -0.20167474448680878 0.34931087493896484 -0.9150460362434387
62 0.17364822328090668 -0.9848077297210693 -0.25 0.3333333432674408 0.25 -0.20167474448680878 0.34931087493896484 -0.9150460362434387
61 0.14295126497745514 -0.8107166886329651 -0.1767766922712326 0.3333333432674408 0.125 -0.20167474448680878 0.34931087493896484 -0.9150460362434387
70 0.7660443782806396 -0.6427876949310303 -0.25 0.4444444477558136 0.25 0.20167475938796997 -0.3493109941482544 -0.915045976638794
63 0.20434516668319702 -1.1588987112045288 -0.1767766922712326 0.3333333432674408 0.375 0.20167475938796997 -0.3493109941482544 -0.915045976638794
62 0.17364822328090668 -0.9848077297210693 -0.25 0.3333333432674408 0.25 0.20167475938796997 -0.3493109941482544 -0.915045976638794
71 0.9014631509780884 -0.7564175724983215 -0.1767766922712326 0.4444444477558136 0.375 0.46594786643981934 -0.8070456385612488 -0.36272573471069336
56 0.21706028282642365 -1.2310097217559814 0.0 0.3333333432674408 0.5 0.46594786643981934 -0.8070456385612488 -0.36272573471069336
63 0.20434516668319702 -1.1588987112045288 -0.1767766922712326 0.3333333432674408 0.375 0.46594786643981934 -0.8070456385612488 -0.36272573471069336
0 1.25 0.0 0.0 0.5555555820465088 0.5 0.8756959438323975 -0.3187272846698761 0.36272522807121277
65 0.9014631509780884 -0.7564175724983215 0.1767766922712326 0.4444444477558136 0.625 0.8756959438323975 -0.3187272846698761 0.36272522807121277
64 0.9575554728507996 -0.8034846186637878 0.0 0.4444444477558136 0.5 0.8756959438323975 -0.3187272846698761 0.36272522807121277
1 1.176776647567749 0.0 0.1767766922712326 0.5555555820465088 0.625 0.37902456521987915 -0.13795366883277893 0.915045976638794
66 0.7660443782806396 -0.6427876949310303 0.25 0.4444444477558136 0.75 0.37902456521987915 -0.13795366883277893 0.915045976638794
65 0.9014631509780884 -0.7564175724983215 0.1767766922712326 0.4444444477558136 0.625 0.37902456521987915 -0.13795366883277893 0.915045976638794
2 1.0 0.0 0.25 0.5555555820465088 0.75 -0.3790244162082672 0.13795363903045654 0.9150460958480835
67 0.6306255459785461 -0.529157817363739 0.1767766922712326 0.4444444477558136 0.875 -0.3790244162082672 0.13795363903045654 0.9150460958480835
66 0.7660443782806396 -0.6427876949310303 0.25 0.4444444477558136 0.75 -0.3790244162082672 0.13795363903045654 0.9150460958480835
3 0.8232232928276062 0.0 0.1767766922712326 0.5555555820465088 0.875 -0.8756960034370422 0.3187273442745209 0.36272498965263367
68 0.5745332837104797 -0.4820907711982727 3.0616171314629196e-17 0.4444444477558136 1.0 -0.8756960034370422 0.3187273442745209 0.36272498965263367
67 0.6306255459785461 -0.529157817363739 0.1767766922712326 0.4444444477558136 0.875 -0.8756960034370422 0.3187273442745209 0.36272498965263367
4 0.75 0.0 3.0616171314629196e-17 0.5555555820465088 0.0 -0.8756960034370422 0.3187273144721985 -0.36272498965263367
69 0.6306255459785461 -0.529157817363739 -0.1767766922712326 0.4444444477558136 0.125 -0.8756960034370422 0.3187273144721985 -0.36272498965263367
68 0.5745332837104797 -0.4820907711982727 3.0616171314629196e-17 0.4444444477558136 0.0 -0.8756960034370422 0.3187273144721985 -0.36272498965263367
5 0.8232232928276062 0.0 -0.1767766922712326 0.5555555820465088 0.125 -0.3790244162082672 0.13795363903045654 -0.9150460958480835
70 0.7660443782806396 -0.6427876949310303 -0.25 0.4444444477558136 0.25 -0.3790244162082672 0.13795363903045654 -0.9150460958480835
69 0.6306255459785461 -0.529157817363739 -0.1767766922712326 0.4444444477558136 0.125 -0.3790244162082672 0.13795363903045654 -0.9150460958480835
70 0.7660443782806396 -0.6427876949310303 -0.25 0.4444444477558136 0.25 0.37902453541755676 -0.13795366883277893 -0.915045976638794
7 1.176776647567749 0.0 -0.1767766922712326 0.5555555820465088 0.375 0.37902453541755676 -0.13795366883277893 -0.915045976638794
71 0.9014631509780884 -0.7564175724983215 -0.1767766922712326 0.4444444477558136 0.375 0.37902453541755676 -0.13795366883277893 -0.915045976638794
7 1.176776647567749 0.0 -0.1767766922712326 0.5555555820465088 0.375 0.8756959438323975 -0.3187272846698761 -0.36272528767585754
64 0.9575554728507996 -0.8034846186637878 0.0 0.4444444477558136 0.5 0.8756959438323975 -0.3187272846698761 -0.36272528767585754
71 0.9014631509780884 -0.7564175724983215 -0.1767766922712326 0.4444444477558136 0.375 0.8756959438323975 -0.3187272846698761 -0.36272528767585754
8 0.9575554728507996 0.8034846186637878 0.0 0.6666666865348816 0.5 0.8756959438323975 0.3187272846698761 0.36272522807121277
9 0.9014631509780884 0.7564175724983215 0.1767766922712326 0.6666666865348816 0.625 0.8756959438323975 0.3187272846698761 0.36272522807121277
1 1.176776647567749 0.0 0.1767766922712326 0.5555555820465088 0.625 0.8756959438323975 0.3187272846698761 0.36272522807121277
9 0.9014631509780884 0.7564175724983215 0.1767766922712326 0.6666666865348816 0.625 0.37902453541755676 0.13795366883277893 0.915045976638794
10 0.7660443782806396 0.6427876949310303 0.25 0.6666666865348816 0.75 0.37902453541755676 0.13795366883277893 0.915045976638794
2 1.0 0.0 0.25 0.5555555820465088 0.75 0.37902453541755676 0.13795366883277893 0.915045976638794
10 0.7660443782806396 0.6427876949310303 0.25 0.6666666865348816 0.75 -0.3790244162082672 -0.13795365393161774 0.9150460958480835
11 0.6306255459785461 0.529157817363739 0.1767766922712326 0.6666666865348816 0.875 -0.3790244162082672 -0.13795365393161774 0.9150460958480835
3 0.8232232928276062 0.0 0.1767766922712326 0.5555555820465088 0.875 -0.3790244162082672 -0.13795365393161774 0.9150460958480835
11 0.6306255459785461 0.529157817363739 0.1767766922712326 0.6666666865348816 0.875 -0.8756960034370422 -0.3187273144721985 0.36272498965263367
12 0.5745332837104797 0.4820907711982727 3.0616171314629196e-17 0.6666666865348816 1.0 -0.8756960034370422 -0.3187273144721985 0.36272498965263367
4 0.75 0.0 3.0616171314629196e-17 0.5555555820465088 1.0 -0.8756960034370422 -0.3187273144721985 0.36272498965263367
12 0.5745332837104797 0.4820907711982727 3.0616171314629196e-17 0.6666666865348816 0.0 -0.8756960034370422 -0.3187273442745209 -0.36272498965263367
13 0.6306255459785461 0.529157817363739 -0.1767766922712326 0.6666666865348816 0.125 -0.8756960034370422 -0.3187273442745209 -0.36272498965263367
5 0.8232232928276062 0.0 -0.1767766922712326 0.5555555820465088 0.125 -0.8756960034370422 -0.3187273442745209 -0.36272498965263367
13 0.6306255459785461 0.529157817363739 -0.1767766922712326 0.6666666865348816 0.125 -0.3790244162082672 -0.13795362412929535 -0.9150460362434387
14 0.7660443782806396 0.6427876949310303 -0.25 0.6666666865348816 0.25 -0.3790244162082672 -0.13795362412929535 -0.9150460362434387
6 1.0 0.0 -0.25 0.5555555820465088 0.25 -0.3790244162082672 -0.13795362412929535 -0.9150460362434387
14 0.7660443782806396 0.6427876949310303 -0.25 0.6666666865348816 0.25 0.37902453541755676 0.13795366883277893 -0.915045976638794
15 0.9014631509780884 0.7564175724983215 -0.1767766922712326 0.6666666865348816 0.375 0.37902453541755676 0.13795366883277893 -0.915045976638794
7 1.176776647567749 0.0 -0.1767766922712326 0.5555555820465088 0.375 0.37902453541755676 0.13795366883277893 -0.915045976638794
15 0.9014631509780884 0.7564175724983215 -0.1767766922712326 0.6666666865348816 0.375 0.8756959438323975 0.3187273144721985 -0.36272525787353516
8 0.9575554728507996 0.8034846186637878 0.0 0.6666666865348816 0.5 0.8756959438323975 0.3187273144721985 -0.36272525787353516
0 1.25 0.0 0.0 0.5555555820465088 0.5 0.8756959438323975 0.3187273144721985 -0.36272525787353516
8 0.9575554728507996 0.8034846186637878 0.0 0.6666666865348816 0.5 0.4659480154514313 0.807045578956604 0.36272573471069336
16 0.21706028282642365 1.2310097217559814 0.0 0.7777777910232544 0.5 0.4659480154514313 0.807045578956604 0.36272573471069336
17 0.20434516668319702 1.1588987112045288 0.1767766922712326 0.7777777910232544 0.625 0.4659480154514313 0.807045578956604 0.36272573471069336
17 0.20434516668319702 1.1588987112045288 0.1767766922712326 0.7777777910232544 0.625 0.20167477428913116 0.3493110239505768 0.915045976638794
18 0.17364822328090668 0.9848077297210693 0.25 0.7777777910232544 0.75 0.20167477428913116 0.3493110239505768 0.915045976638794
10 0.7660443782806396 0.6427876949310303 0.25 0.6666666865348816 0.75 0.20167477428913116 0.3493110239505768 0.915045976638794
18 0.17364822328090668 0.9848077297210693 0.25 0.7777777910232544 0.75 -0.2016747146844864 -0.34931087493896484 0.9150460362434387
19 0.14295126497745514 0.8107166886329651 0.1767766922712326 0.7777777910232544 0.875 -0.2016747146844864 -0.34931087493896484 0.9150460362434387
11 0.6306255459785461 0.529157817363739 0.1767766922712326 0.6666666865348816 0.875 -0.2016747146844864 -0.34931087493896484 0.9150460362434387
19 0.14295126497745514 0.8107166886329651 0.1767766922712326 0.7777777910232544 0.875 -0.4659480154514313 -0.8070458173751831 0.36272525787353516
20 0.1302361637353897 0.738605797290802 3.0616171314629196e-17 0.7777777910232544 1.0 -0.4659480154514313 -0.8070458173751831 0.36272525787353516
12 0.5745332837104797 0.4820907711982727 3.0616171314629196e-17 0.6666666865348816 1.0 -0.4659480154514313 -0.8070458173751831 0.36272525787353516
20 0.1302361637353897 0.738605797290802 3.0616171314629196e-17 0.7777777910232544 0.0 -0.46594804525375366 -0.8070457577705383 -0.36272522807121277
21 0.14295126497745514 0.8107166886329651 -0.1767766922712326 0.7777777910232544 0.125 -0.46594804525375366 -0.8070457577705383 -0.36272522807121277
13 0.6306255459785461 0.529157817363739 -0.1767766922712326 0.6666666865348816 0.125 -0.46594804525375366 -0.8070457577705383 -0.36272522807121277
13 0.6306255459785461 0.529157817363739 -0.1767766922712326 0.6666666865348816 0.125 -0.2016747146844864 -0.34931087493896484 -0.9150460362434387
21 0.14295126497745514 0.8107166886329651 -0.1767766922712326 0.7777777910232544 0.125 -0.2016747146844864 -0.34931087493896484 -0.9150460362434387
22 0.17364822328090668 0.9848077297210693 -0.25 0.7777777910232544 0.25 -0.2016747146844864 -0.34931087493896484 -0.9150460362434387
14 0.7660443782806396 0.6427876949310303 -0.25 0.6666666865348816 0.25 0.20167477428913116 0.3493110239505768 -0.915045976638794
22 0.17364822328090668 0.9848077297210693 -0.25 0.7777777910232544 0.25 0.20167477428913116 0.3493110239505768 -0.915045976638794
23 0.20434516668319702 1.1588987112045288 -0.1767766922712326 0.7777777910232544 0.375 0.20167477428913116 0.3493110239505768 -0.915045976638794
23 0.20434516668319702 1.1588987112045288 -0.1767766922712326 0.7777777910232544 0.375 0.4659480154514313 0.807045578956604 -0.36272573471069336
16 0.21706028282642365 1.2310097217559814 0.0 0.7777777910232544 0.5 0.4659480154514313 0.807045578956604 -0.36272573471069336
8 0.9575554728507996 0.8034846186637878 0.0 0.6666666865348816 0.5 0.4659480154514313 0.807045578956604 -0.36272573471069336
24 -0.6249998211860657 1.0825319290161133 0.0 0.8888888955116272 0.5 -0.1618219017982483 0.9177383184432983 0.36272579431533813
25 -0.5883881449699402 1.0191185474395752 0.1767766922712326 0.8888888955116272 0.625 -0.1618219017982483 0.9177383184432983 0.36272579431533813
17 0.20434516668319702 1.1588987112045288 0.1767766922712326 0.7777777910232544 0.625 -0.1618219017982483 0.9177383184432983 0.36272579431533813
25 -0.5883881449699402 1.0191185474395752 0.1767766922712326 0.8888888955116272 0.625 -0.07004085928201675 0.3972218334674835 0.9150459170341492
26 -0.49999985098838806 0.8660255074501038 0.25 0.8888888955116272 0.75 -0.07004085928201675 0.3972218334674835 0.9150459170341492
18 0.17364822328090668 0.9848077297210693 0.25 0.7777777910232544 0.75 -0.07004085928201675 0.3972218334674835 0.9150459170341492
26 -0.49999985098838806 0.8660255074501038 0.25 0.8888888955116272 0.75 0.07004084438085556 -0.39722156524658203 0.9150460362434387
27 -0.41161152720451355 0.7129323482513428 0.1767766922712326 0.8888888955116272 0.875 0.07004084438085556 -0.39722156524658203 0.9150460362434387
19 0.14295126497745514 0.8107166886329651 0.1767766922712326 0.7777777910232544 0.875 0.07004084438085556 -0.39722156524658203 0.9150460362434387
27 -0.41161152720451355 0.7129323482513428 0.1767766922712326 0.8888888955116272 0.875 0.16182191669940948 -0.917738676071167 0.3627249598503113
28 -0.37499988079071045 0.649519145488739 3.0616171314629196e-17 0.8888888955116272 1.0 0.16182191669940948 -0.917738676071167 0.3627249598503113
20 0.1302361637353897 0.738605797290802 3.0616171314629196e-17 0.7777777910232544 1.0 0.16182191669940948 -0.917738676071167 0.3627249598503113
20 0.1302361637353897 0.738605797290802 3.0616171314629196e-17 0.7777777910232544 0.0 0.16182191669940948 -0.917738676071167 -0.3627249598503113
28 -0.37499988079071045 0.649519145488739 3.0616171314629196e-17 0.8888888955116272 0.0 0.16182191669940948 -0.917738676071167 -0.3627249598503113
29 -0.41161152720451355 0.7129323482513428 -0.1767766922712326 0.8888888955116272 0.125 0.16182191669940948 -0.917738676071167 -0.3627249598503113
29 -0.41161152720451355 0.7129323482513428 -0.1767766922712326 0.8888888955116272 0.125 0.07004082202911377 -0.3972215950489044 -0.9150460362434387
30 -0.49999985098838806 0.8660255074501038 -0.25 0.8888888955116272 0.25 0.07004082202911377 -0.3972215950489044 -0.9150460362434387
22 0.17364822328090668 0.9848077297210693 -0.25 0.7777777910232544 0.25 0.07004082202911377 -0.3972215950489044 -0.9150460362434387
30 -0.49999985098838806 0.8660255074501038 -0.25 0.8888888955116272 0.25 -0.07004087418317795 0.3972218334674835 -0.9150459170341492
31 -0.5883881449699402 1.0191185474395752 -0.1767766922712326 0.8888888955116272 0.375 -0.07004087418317795 0.3972218334674835 -0.9150459170341492
23 0.20434516668319702 1.1588987112045288 -0.1767766922712326 0.7777777910232544 0.375 -0.07004087418317795 0.3972218334674835 -0.9150459170341492
31 -0.5883881449699402 1.0191185474395752 -0.1767766922712326 0.8888888955116272 0.375 -0.1618219017982483 0.9177383184432983 -0.36272576451301575
24 -0.6249998211860657 1.0825319290161133 0.0 0.8888888955116272 0.5 -0.1618219017982483 0.9177383184432983 -0.36272576451301575
16 0.21706028282642365 1.2310097217559814 0.0 0.7777777910232544 0.5 -0.1618219017982483 0.9177383184432983 -0.36272576451301575
32 -1.1746156215667725 0.4275255799293518 0.0 1.0 0.5 -0.713873565196991 0.5990113615989685 0.3627255856990814
33 -1.105808138847351 0.40248167514801025 0.1767766922712326 1.0 0.625 -0.713873565196991 0.5990113615989685 0.3627255856990814
25 -0.5883881449699402 1.0191185474395752 0.1767766922712326 0.8888888955116272 0.625 -0.713873565196991 0.5990113615989685 0.3627255856990814
25 -0.5883881449699402 1.0191185474395752 0.1767766922712326 0.8888888955116272 0.625 -0.30898362398147583 0.2592681646347046 0.9150459170341492
33 -1.105808138847351 0.40248167514801025 0.1767766922712326 1.0 0.625 -0.30898362398147583 0.2592681646347046 0.9150459170341492
34 -0.939692497253418 0.3420204520225525 0.25 1.0 0.75 -0.30898362398147583 0.2592681646347046 0.9150459170341492
34 -0.939692497253418 0.3420204520225525 0.25 1.0 0.75 0.3089834749698639 -0.25926801562309265 0.9150460362434387
35 -0.7735767364501953 0.28155919909477234 0.1767766922712326 1.0 0.875 0.3089834749698639 -0.25926801562309265 0.9150460362434387
27 -0.41161152720451355 0.7129323482513428 0.1767766922712326 0.8888888955116272 0.875 0.3089834749698639 -0.25926801562309265 0.9150460362434387
35 -0.7735767364501953 0.28155919909477234 0.1767766922712326 1.0 0.875 0.7138737440109253 -0.5990114212036133 0.36272507905960083
36 -0.7047693729400635 0.2565153241157532 3.0616171314629196e-17 1.0 1.0 0.7138737440109253 -0.5990114212036133 0.36272507905960083
28 -0.37499988079071045 0.649519145488739 3.0616171314629196e-17 0.8888888955116272 1.0 0.7138737440109253 -0.5990114212036133 0.36272507905960083
28 -0.37499988079071045 0.649519145488739 3.0616171314629196e-17 0.8888888955116272 0.0 0.7138737440109253 -0.5990114212036133 -0.36272507905960083
36 -0.7047693729400635 0.2565153241157532 3.0616171314629196e-17 1.0 0.0 0.7138737440109253 -0.5990114212036133 -0.36272507905960083
37 -0.7735767364501953 0.28155919909477234 -0.1767766922712326 1.0 0.125 0.7138737440109253 -0.5990114212036133 -0.36272507905960083
29 -0.41161152720451355 0.7129323482513428 -0.1767766922712326 0.8888888955116272 0.125 0.3089834749698639 -0.25926801562309265 -0.9150460362434387
37 -0.7735767364501953 0.28155919909477234 -0.1767766922712326 1.0 0.125 0.3089834749698639 -0.25926801562309265 -0.9150460362434387
38 -0.939692497253418 0.3420204520225525 -0.25 1.0 0.25 0.3089834749698639 -0.25926801562309265 -0.9150460362434387
38 -0.939692497253418 0.3420204520225525 -0.25 1.0 0.25 -0.30898362398147583 0.2592681646347046 -0.9150459170341492
39 -1.105808138847351 0.40248167514801025 -0.1767766922712326 1.0 0.375 -0.30898362398147583 0.2592681646347046 -0.9150459170341492
31 -0.5883881449699402 1.0191185474395752 -0.1767766922712326 0.8888888955116272 0.375 -0.30898362398147583 0.2592681646347046 -0.9150459170341492
39 -1.105808138847351 0.40248167514801025 -0.1767766922712326 1.0 0.375 -0.713873565196991 0.5990113615989685 -0.3627255856990814
32 -1.1746156215667725 0.4275255799293518 0.0 1.0 0.5 -0.713873565196991 0.5990113615989685 -0.3627255856990814
24 -0.6249998211860657 1.0825319290161133 0.0 0.8888888955116272 0.5 -0.713873565196991 0.5990113615989685 -0.3627255856990814
40 -1.1746158599853516 -0.42752501368522644 0.0 0.1111111119389534 0.5 -0.9318960309028625 2.7601439001045946e-07 0.36272549629211426
41 -1.1058083772659302 -0.40248116850852966 0.1767766922712326 0.1111111119389534 0.625 -0.9318960309028625 2.7601439001045946e-07 0.36272549629211426
33 -1.105808138847351 0.40248167514801025 0.1767766922712326 2.220446049250313e-16 0.625 -0.9318960309028625 2.7601439001045946e-07 0.36272549629211426
41 -1.1058083772659302 -0.40248116850852966 0.1767766922712326 0.1111111119389534 0.625 -0.4033495783805847 1.0543897843717787e-07 0.915045976638794
42 -0.9396926760673523 -0.3420200049877167 0.25 0.1111111119389534 0.75 -0.4033495783805847 1.0543897843717787e-07 0.915045976638794
34 -0.939692497253418 0.3420204520225525 0.25 2.220446049250313e-16 0.75 -0.4033495783805847 1.0543897843717787e-07 0.915045976638794
42 -0.9396926760673523 -0.3420200049877167 0.25 0.1111111119389534 0.75 0.40334945917129517 -1.2808061455871211e-07 0.9150460362434387
43 -0.7735769152641296 -0.2815588414669037 0.1767766922712326 0.1111111119389534 0.875 0.40334945917129517 -1.2808061455871211e-07 0.9150460362434387
35 -0.7735767364501953 0.28155919909477234 0.1767766922712326 2.220446049250313e-16 0.875 0.40334945917129517 -1.2808061455871211e-07 0.9150460362434387
43 -0.7735769152641296 -0.2815588414669037 0.1767766922712326 0.1111111119389534 0.875 0.9318961501121521 -2.165382397834037e-07 0.36272522807121277
44 -0.704769492149353 -0.2565149962902069 3.0616171314629196e-17 0.1111111119389534 1.0 0.9318961501121521 -2.165382397834037e-07 0.36272522807121277
36 -0.7047693729400635 0.2565153241157532 3.0616171314629196e-17 2.220446049250313e-16 1.0 0.9318961501121521 -2.165382397834037e-07 0.36272522807121277
36 -0.7047693729400635 0.2565153241157532 3.0616171314629196e-17 2.220446049250313e-16 0.0 0.9318961501121521 -2.165382397834037e-07 -0.36272522807121277
44 -0.704769492149353 -0.2565149962902069 3.0616171314629196e-17 0.1111111119389534 0.0 0.9318961501121521 -2.165382397834037e-07 -0.36272522807121277
45 -0.7735769152641296 -0.2815588414669037 -0.1767766922712326 0.1111111119389534 0.125 0.9318961501121521 -2.165382397834037e-07 -0.36272522807121277
45 -0.7735769152641296 -0.2815588414669037 -0.1767766922712326 0.1111111119389534 0.125 0.40334945917129517 -1.0543895001546844e-07 -0.9150460362434387
46 -0.9396926760673523 -0.3420200049877167 -0.25 0.1111111119389534 0.25 0.40334945917129517 -1.0543895001546844e-07 -0.9150460362434387
38 -0.939692497253418 0.3420204520225525 -0.25 2.220446049250313e-16 0.25 0.40334945917129517 -1.0543895001546844e-07 -0.9150460362434387
46 -0.9396926760673523 -0.3420200049877167 -0.25 0.1111111119389534 0.25 -0.4033496081829071 1.1946642075599812e-07 -0.915045976638794
47 -1.1058083772659302 -0.40248116850852966 -0.1767766922712326 0.1111111119389534 0.375 -0.4033496081829071 1.1946642075599812e-07 -0.915045976638794
39 -1.105808138847351 0.40248167514801025 -0.1767766922712326 2.220446049250313e-16 0.375 -0.4033496081829071 1.1946642075599812e-07 -0.915045976638794
47 -1.1058083772659302 -0.40248116850852966 -0.1767766922712326 0.1111111119389534 0.375 -0.9318960309028625 2.598458195279818e-07 -0.36272549629211426
40 -1.1746158599853516 -0.42752501368522644 0.0 0.1111111119389534 0.5 -0.9318960309028625 2.598458195279818e-07 -0.36272549629211426
32 -1.1746156215667725 0.4275255799293518 0.0 2.220446049250313e-16 0.5 -0.9318960309028625 2.598458195279818e-07 -0.36272549629211426
48 -0.6249998211860657 -1.0825319290161133 0.0 0.2222222238779068 0.5 -0.7138736844062805 -0.5990111827850342 0.3627256453037262
49 -0.5883881449699402 -1.0191185474395752 0.1767766922712326 0.2222222238779068 0.625 -0.7138736844062805 -0.5990111827850342 0.3627256453037262
41 -1.1058083772659302 -0.40248116850852966 0.1767766922712326 0.1111111119389534 0.625 -0.7138736844062805 -0.5990111827850342 0.3627256453037262
49 -0.5883881449699402 -1.0191185474395752 0.1767766922712326 0.2222222238779068 0.625 -0.3089837431907654 -0.2592681348323822 0.915045976638794
50 -0.49999985098838806 -0.8660255074501038 0.25 0.2222222238779068 0.75 -0.3089837431907654 -0.2592681348323822 0.915045976638794
42 -0.9396926760673523 -0.3420200049877167 0.25 0.1111111119389534 0.75 -0.3089837431907654 -0.2592681348323822 0.915045976638794
50 -0.49999985098838806 -0.8660255074501038 0.25 0.2222222238779068 0.75 0.30898359417915344 0.25926804542541504 0.9150460958480835
51 -0.41161152720451355 -0.7129323482513428 0.1767766922712326 0.2222222238779068 0.875 0.30898359417915344 0.25926804542541504 0.9150460958480835
43 -0.7735769152641296 -0.2815588414669037 0.1767766922712326 0.1111111119389534 0.875 0.30898359417915344 0.25926804542541504 0.9150460958480835
51 -0.41161152720451355 -0.7129323482513428 0.1767766922712326 0.2222222238779068 0.875 0.7138739228248596 0.5990113019943237 0.36272498965263367
52 -0.37499988079071045 -0.649519145488739 3.0616171314629196e-17 0.2222222238779068 1.0 0.7138739228248596 0.5990113019943237 0.36272498965263367
44 -0.704769492149353 -0.2565149962902069 3.0616171314629196e-17 0.1111111119389534 1.0 0.7138739228248596 0.5990113019943237 0.36272498965263367
52 -0.37499988079071045 -0.649519145488739 3.0616171314629196e-17 0.2222222238779068 0.0 0.7138738632202148 0.5990114212036133 -0.36272498965263367
53 -0.41161152720451355 -0.7129323482513428 -0.1767766922712326 0.2222222238779068 0.125 0.7138738632202148 0.5990114212036133 -0.36272498965263367
45 -0.7735769152641296 -0.2815588414669037 -0.1767766922712326 0.1111111119389534 0.125 0.7138738632202148 0.5990114212036133 -0.36272498965263367
45 -0.7735769152641296 -0.2815588414669037 -0.1767766922712326 0.1111111119389534 0.125 0.30898359417915344 0.25926804542541504 -0.9150460958480835
53 -0.41161152720451355 -0.7129323482513428 -0.1767766922712326 0.2222222238779068 0.125 0.30898359417915344 0.25926804542541504 -0.9150460958480835
54 -0.49999985098838806 -0.8660255074501038 -0.25 0.2222222238779068 0.25 0.30898359417915344 0.25926804542541504 -0.9150460958480835
54 -0.49999985098838806 -0.8660255074501038 -0.25 0.2222222238779068 0.25 -0.308983713388443 -0.2592681348323822 -0.915045976638794
55 -0.5883881449699402 -1.0191185474395752 -0.1767766922712326 0.2222222238779068 0.375 -0.308983713388443 -0.2592681348323822 -0.915045976638794
47 -1.1058083772659302 -0.40248116850852966 -0.1767766922712326 0.1111111119389534 0.375 -0.308983713388443 -0.2592681348323822 -0.915045976638794
55 -0.5883881449699402 -1.0191185474395752 -0.1767766922712326 0.2222222238779068 0.375 -0.7138737440109253 -0.5990111827850342 -0.3627256453037262
48 -0.6249998211860657 -1.0825319290161133 0.0 0.2222222238779068 0.5 -0.7138737440109253 -0.5990111827850342 -0.3627256453037262
40 -1.1746158599853516 -0.42752501368522644 0.0 0.1111111119389534 0.5 -0.7138737440109253 -0.5990111827850342 -0.3627256453037262
56 0.21706028282642365 -1.2310097217559814 0.0 0.3333333432674408 0.5 -0.1618219017982483 -0.9177383184432983 0.36272570490837097
57 0.20434516668319702 -1.1588987112045288 0.1767766922712326 0.3333333432674408 0.625 -0.1618219017982483 -0.9177383184432983 0.36272570490837097
49 -0.5883881449699402 -1.0191185474395752 0.1767766922712326 0.2222222238779068 0.625 -0.1618219017982483 -0.9177383184432983 0.36272570490837097
57 0.20434516668319702 -1.1588987112045288 0.1767766922712326 0.3333333432674408 0.625 -0.07004085928201675 -0.39722180366516113 0.9150459170341492
58 0.17364822328090668 -0.9848077297210693 0.25 0.3333333432674408 0.75 -0.07004085928201675 -0.39722180366516113 0.9150459170341492
50 -0.49999985098838806 -0.8660255074501038 0.25 0.2222222238779068 0.75 -0.07004085928201675 -0.39722180366516113 0.9150459170341492
58 0.17364822328090668 -0.9848077297210693 0.25 0.3333333432674408 0.75 0.07004086673259735 0.39722171425819397 0.9150460362434387
59 0.14295126497745514 -0.8107166886329651 0.1767766922712326 0.3333333432674408 0.875 0.07004086673259735 0.39722171425819397 0.9150460362434387
51 -0.41161152720451355 -0.7129323482513428 0.1767766922712326 0.2222222238779068 0.875 0.07004086673259735 0.39722171425819397 0.9150460362434387
51 -0.41161152720451355 -0.7129323482513428 0.1767766922712326 0.2222222238779068 0.875 0.16182199120521545 0.9177385568618774 0.36272522807121277
59 0.14295126497745514 -0.8107166886329651 0.1767766922712326 0.3333333432674408 0.875 0.16182199120521545 0.9177385568618774 0.36272522807121277
60 0.1302361637353897 -0.738605797290802 3.0616171314629196e-17 0.3333333432674408 1.0 0.16182199120521545 0.9177385568618774 0.36272522807121277
60 0.1302361637353897 -0.738605797290802 3.0616171314629196e-17 0.3333333432674408 0.0 0.16182199120521545 0.9177385568618774 -0.36272522807121277
61 0.14295126497745514 -0.8107166886329651 -0.1767766922712326 0.3333333432674408 0.125 0.16182199120521545 0.9177385568618774 -0.36272522807121277
53 -0.41161152720451355 -0.7129323482513428 -0.1767766922712326 0.2222222238779068 0.125 0.16182199120521545 0.9177385568618774 -0.36272522807121277
61 0.14295126497745514 -0.8107166886329651 -0.1767766922712326 0.3333333432674408 0.125 0.07004083693027496 0.3972216844558716 -0.9150460362434387
62 0.17364822328090668 -0.9848077297210693 -0.25 0.3333333432674408 0.25 0.07004083693027496 0.3972216844558716 -0.9150460362434387
54 -0.49999985098838806 -0.8660255074501038 -0.25 0.2222222238779068 0.25 0.07004083693027496 0.3972216844558716 -0.9150460362434387
54 -0.49999985098838806 -0.8660255074501038 -0.25 0.2222222238779068 0.25 -0.07004085928201675 -0.39722180366516113 -0.9150459170341492
62 0.17364822328090668 -0.9848077297210693 -0.25 0.3333333432674408 0.25 -0.07004085928201675 -0.39722180366516113 -0.9150459170341492
63 0.20434516668319702 -1.1588987112045288 -0.1767766922712326 0.3333333432674408 0.375 -0.07004085928201675 -0.39722180366516113 -0.9150459170341492
63 0.20434516668319702 -1.1588987112045288 -0.1767766922712326 0.3333333432674408 0.375 -0.16182191669940948 -0.9177383780479431 -0.36272573471069336
56 0.21706028282642365 -1.2310097217559814 0.0 0.3333333432674408 0.5 -0.16182191669940948 -0.9177383780479431 -0.36272573471069336
48 -0.6249998211860657 -1.0825319290161133 0.0 0.2222222238779068 0.5 -0.16182191669940948 -0.9177383780479431 -0.36272573471069336
64 0.9575554728507996 -0.8034846186637878 0.0 0.4444444477558136 0.5 0.4659479558467865 -0.8070457577705383 0.3627251982688904
65 0.9014631509780884 -0.7564175724983215 0.1767766922712326 0.4444444477558136 0.625 0.4659479558467865 -0.8070457577705383 0.3627251982688904
57 0.20434516668319702 -1.1588987112045288 0.1767766922712326 0.3333333432674408 0.625 0.4659479558467865 -0.8070457577705383 0.3627251982688904
65 0.9014631509780884 -0.7564175724983215 0.1767766922712326 0.4444444477558136 0.625 0.2016747146844864 -0.34931090474128723 0.9150460362434387
66 0.7660443782806396 -0.6427876949310303 0.25 0.4444444477558136 0.75 0.2016747146844864 -0.34931090474128723 0.9150460362434387
58 0.17364822328090668 -0.9848077297210693 0.25 0.3333333432674408 0.75 0.2016747146844864 -0.34931090474128723 0.9150460362434387
58 0.17364822328090668 -0.9848077297210693 0.25 0.3333333432674408 0.75 -0.201674684882164 0.34931084513664246 0.9150460362434387
66 0.7660443782806396 -0.6427876949310303 0.25 0.4444444477558136 0.75 -0.201674684882164 0.34931084513664246 0.9150460362434387
67 0.6306255459785461 -0.529157817363739 0.1767766922712326 0.4444444477558136 0.875 -0.201674684882164 0.34931084513664246 0.9150460362434387
59 0.14295126497745514 -0.8107166886329651 0.1767766922712326 0.3333333432674408 0.875 -0.46594804525375366 0.8070457577705383 0.36272507905960083
67 0.6306255459785461 -0.529157817363739 0.1767766922712326 0.4444444477558136 0.875 -0.46594804525375366 0.8070457577705383 0.36272507905960083
68 0.5745332837104797 -0.4820907711982727 3.0616171314629196e-17 0.4444444477558136 1.0 -0.46594804525375366 0.8070457577705383 0.36272507905960083
68 0.5745332837104797 -0.4820907711982727 3.0616171314629196e-17 0.4444444477558136 0.0 -0.46594804525375366 0.8070457577705383 -0.36272507905960083
69 0.6306255459785461 -0.529157817363739 -0.1767766922712326 0.4444444477558136 0.125 -0.46594804525375366 0.8070457577705383 -0.36272507905960083
61 0.14295126497745514 -0.8107166886329651 -0.1767766922712326 0.3333333432674408 0.125 -0.46594804525375366 0.8070457577705383 -0.36272507905960083
69 0.6306255459785461 -0.529157817363739 -0.1767766922712326 0.4444444477558136 0.125 -0.201674684882164 0.34931084513664246 -0.9150460362434387
70 0.7660443782806396 -0.6427876949310303 -0.25 0.4444444477558136 0.25 -0.201674684882164 0.34931084513664246 -0.9150460362434387
62 0.17364822328090668 -0.9848077297210693 -0.25 0.3333333432674408 0.25 -0.201674684882164 0.34931084513664246 -0.9150460362434387
70 0.7660443782806396 -0.6427876949310303 -0.25 0.4444444477558136 0.25 0.201674684882164 -0.34931090474128723 -0.9150460362434387
71 0.9014631509780884 -0.7564175724983215 -0.1767766922712326 0.4444444477558136 0.375 0.201674684882164 -0.34931090474128723 -0.9150460362434387
63 0.20434516668319702 -1.1588987112045288 -0.1767766922712326 0.3333333432674408 0.375 0.201674684882164 -0.34931090474128723 -0.9150460362434387
71 0.9014631509780884 -0.7564175724983215 -0.1767766922712326 0.4444444477558136 0.375 0.46594810485839844 -0.8070456981658936 -0.36272525787353516
64 0.9575554728507996 -0.8034846186637878 0.0 0.4444444477558136 0.5 0.46594810485839844 -0.8070456981658936 -0.36272525787353516
56 0.21706028282642365 -1.2310097217559814 0.0 0.3333333432674408 0.5 0.46594810485839844 -0.8070456981658936 -0.36272525787353516
0 1.25 0.0 0.0 0.5555555820465088 0.5 0.8756958246231079 -0.3187272250652313 0.36272531747817993
1 1.176776647567749 0.0 0.1767766922712326 0.5555555820465088 0.625 0.8756958246231079 -0.3187272250652313 0.36272531747817993
65 0.9014631509780884 -0.7564175724983215 0.1767766922712326 0.4444444477558136 0.625 0.8756958246231079 -0.3187272250652313 0.36272531747817993
1 1.176776647567749 0.0 0.1767766922712326 0.5555555820465088 0.625 0.37902459502220154 -0.13795368373394012 0.915045976638794
2 1.0 0.0 0.25 0.5555555820465088 0.75 0.37902459502220154 -0.13795368373394012 0.915045976638794
66 0.7660443782806396 -0.6427876949310303 0.25 0.4444444477558136 0.75 0.37902459502220154 -0.13795368373394012 0.915045976638794
2 1.0 0.0 0.25 0.5555555820465088 0.75 -0.379024475812912 0.13795366883277893 0.9150460362434387
3 0.8232232928276062 0.0 0.1767766922712326 0.5555555820465088 0.875 -0.379024475812912 0.13795366883277893 0.9150460362434387
67 0.6306255459785461 -0.529157817363739 0.1767766922712326 0.4444444477558136 0.875 -0.379024475812912 0.13795366883277893 0.9150460362434387
3 0.8232232928276062 0.0 0.1767766922712326 0.5555555820465088 0.875 -0.8756959438323975 0.3187272846698761 0.36272507905960083
4 0.75 0.0 3.0616171314629196e-17 0.5555555820465088 1.0 -0.8756959438323975 0.3187272846698761 0.36272507905960083
68 0.5745332837104797 -0.4820907711982727 3.0616171314629196e-17 0.4444444477558136 1.0 -0.8756959438323975 0.3187272846698761 0.36272507905960083
4 0.75 0.0 3.0616171314629196e-17 0.5555555820465088 0.0 -0.8756959438323975 0.3187273442745209 -0.36272507905960083
5 0.8232232928276062 0.0 -0.1767766922712326 0.5555555820465088 0.125 -0.8756959438323975 0.3187273442745209 -0.36272507905960083
69 0.6306255459785461 -0.529157817363739 -0.1767766922712326 0.4444444477558136 0.125 -0.8756959438323975 0.3187273442745209 -0.36272507905960083
5 0.8232232928276062 0.0 -0.1767766922712326 0.5555555820465088 0.125 -0.379024475812912 0.13795363903045654 -0.9150460362434387
6 1.0 0.0 -0.25 0.5555555820465088 0.25 -0.379024475812912 0.13795363903045654 -0.9150460362434387
70 0.7660443782806396 -0.6427876949310303 -0.25 0.4444444477558136 0.25 -0.379024475812912 0.13795363903045654 -0.9150460362434387
70 0.7660443782806396 -0.6427876949310303 -0.25 0.4444444477558136 0.25 0.37902459502220154 -0.13795368373394012 -0.915045976638794
6 1.0 0.0 -0.25 0.5555555820465088 0.25 0.37902459502220154 -0.13795368373394012 -0.915045976638794
7 1.176776647567749 0.0 -0.1767766922712326 0.5555555820465088 0.375 0.37902459502220154 -0.13795368373394012 -0.915045976638794
7 1.176776647567749 0.0 -0.1767766922712326 0.5555555820465088 0.375 0.8756958246231079 -0.3187272846698761 -0.3627253472805023
0 1.25 0.0 0.0 0.5555555820465088 0.5 0.8756958246231079 -0.3187272846698761 -0.3627253472805023
64 0.9575554728507996 -0.8034846186637878 0.0 0.4444444477558136 0.5 0.8756958246231079 -0.3187272846698761 -0.3627253472805023
